0.4767
0.4404
0.0
0.0516
0.0
0.34
-0.4404
0.4215
0.919
-0.7096
0.0
-0.4019
-0.6597
-0.4019
-0.5319
0.4588
-0.4019
-0.4019
0.0
0.5859
0.0935
0.0
0.0
0.4215
0.0
0.0
-0.2263
0.2577
-0.2023
0.6166
0.0
0.0
0.0
-0.4767
0.0
0.5106
0.5574
0.4215
0.0
0.0
0.4767
0.5093
0.2263
-0.34
0.0
-0.4019
0.0
0.0
0.2023
-0.2411
0.0
-0.4767
0.0
0.0
-0.2732
0.0
0.0
0.4588
0.6486
0.6588
0.5719
0.2023
0.0
0.5267
0.0
0.0
0.0
0.0
0.0
-0.2411
0.0
-0.3491
0.3182
0.0
0.25
0.0
0.0
0.3802
0.024
0.0
0.0
0.4215
0.4404
0.0
0.0
-0.7269
0.0
0.34
0.0
0.0
0.1531
0.0
0.3612
0.4019
-0.3071
0.7783
0.4404
0.754
-0.0772
-0.128
0.51
-0.128
0.0516
0.0
-0.5106
0.0
0.7964
0.0
0.0
0.0
0.0
0.6588
0.5719
0.8221
0.0
0.0176
0.0
0.0
-0.1232
0.3612
0.0
0.2363
0.0
0.0
0.2732
0.8126
0.0
0.8926
0.4926
0.0
0.4497
0.0
0.2263
0.0
0.0
0.0
0.0
0.0
0.3182
0.0
0.0
0.4215
0.0
-0.2023
0.0
0.0
-0.4019
0.7906
0.3182
0.7579
0.0
0.0
0.0
0.0
-0.5499
-0.1779
0.0
0.743
0.0
-0.4019
0.34
0.0
0.836
0.0772
0.3818
0.4404
0.25
0.7717
0.807
-0.4019
-0.4588
0.6124
0.0
-0.7227
0.0
0.1027
0.5859
0.5994
0.1406
0.2023
0.0
0.1655
0.0
0.4939
0.0
0.1027
-0.2865
0.3182
0.0
0.919
-0.7096
0.0
0.3612
0.6908
-0.4019
-0.296
0.0
0.0
0.0
-0.6597
0.2263
-0.128
0.0
0.2263
0.6597
0.0
0.4019
0.0
0.0
0.0
0.0
0.296
-0.296
0.0
0.0
-0.2716
0.0
0.0
0.0
0.0
-0.6597
-0.2411
0.0
0.2732
0.7579
0.9081
0.8922
0.919
-0.7096
0.0
-0.3252
-0.4199
0.9274
0.4215
0.0
0.2014
-0.7485
0.0
0.4588
0.0
0.0
-0.296
0.8774
-0.2617
0.6964
-0.296
0.4215
-0.4019
0.0
0.0
0.0
0.2382
0.0
0.0
0.8221
0.296
0.0
0.0
0.6808
0.0
0.0
0.0
0.1531
-0.4019
0.0
-0.296
0.1154
0.0
0.0
0.128
0.0
0.5859
0.6652
-0.4019
0.5859
-0.5358
0.4019
0.0
0.0
0.34
0.5936
0.9337
0.6535
0.0
0.0772
-0.0498
0.0
0.0
0.0
-0.4019
0.7783
-0.4753
-0.2437
-0.1759
0.0
0.0
0.0
0.0
0.4019
0.7382
-0.4574
-0.0516
0.0516
0.0
0.296
0.0
-0.0258
0.34
0.0
0.5719
0.4215
0.0
0.4019
0.296
-0.4215
0.8618
0.0
0.1779
0.7968
0.8481
0.0
0.0
0.6808
-0.6871
0.0
0.0
0.0
0.0
0.0
0.0
-0.2263
-0.2944
0.0
0.8625
0.4019
0.2975
0.4939
0.6705
0.296
0.4926
0.0
0.0
0.0
0.0
0.0
0.0
0.0
0.3818
0.3847
0.0
0.296
0.0
0.0
-0.296
0.0
0.0
0.0
-0.0516
0.0
0.3182
0.34
0.25
-0.34
0.5859
0.3832
0.0
0.0
0.296
0.1531
0.2732
0.0
0.3595
0.3818
0.0
0.0
0.3818
0.0
0.0772
0.0
-0.0094
-0.1232
0.0
0.0
-0.4019
0.0
0.0
0.0
0.0
-0.4019
0.5746
0.0
-0.1027
-0.631
0.0
0.0
0.0
-0.5187
0.0
0.0
0.0
-0.0129
0.3818
0.0
0.34
-0.296
0.0
0.0
0.0
0.0
0.0
0.0
0.0
0.0772
0.4404
0.0
-0.7469
0.0
0.0772
0.0
0.0
0.1585
0.0
0.6824
-0.5574
0.3818
0.0
0.1779
0.0
0.5499
-0.7051
0.0
0.0
0.0
0.0
-0.5719
-0.296
0.4404
0.0
0.7845
0.0
0.8176
0.0
-0.296
0.0
0.5996
0.7096
0.2732
0.4005
0.0
0.0598
-0.3779
0.1901
-0.4215
0.0
0.6597
0.34
0.2263
0.0
0.4939
-0.1779
0.0
0.9136
0.0
0.2732
0.2732
0.0
0.0
0.5256
0.2263
-0.438
0.6369
0.4215
0.4019
0.0
0.0
0.0
0.0
0.8548
0.4215
0.4215
0.3612
-0.2732
0.836
0.0
0.7906
0.0
0.0
-0.2484
0.0
-0.5949
0.2103
0.0
0.0
-0.34
0.8934
0.3182
-0.3612
0.0
0.0
0.2732
-0.3182
0.0
0.7783
-0.4767
0.5423
0.0
0.0
0.0772
0.7165
-0.2411
0.0
-0.2235
0.0
0.0
0.3612
0.0
0.5267
0.0
0.0
0.0
-0.7003
0.1027
0.6597
-0.0516
0.4019
0.2363
-0.1027
0.4404
0.3182
0.2263
0.0
0.0
0.0356
0.0
0.0
0.0
0.0
0.0
0.0
0.0
0.0
0.0
0.8622
0.0
0.296
0.3919
0.0
0.4939
0.0
0.0
0.0
0.2263
-0.2263
-0.2263
0.0
0.7951
-0.5358
0.8381
0.0
0.7951
-0.5358
0.8381
0.3818
0.0
0.0
0.5106
0.4025
0.0
-0.4019
-0.1779
0.0
0.25
0.7184
0.2023
0.2023
0.0
0.0
0.7506
-0.0387
0.6003
0.2006
-0.5358
0.7089
0.6486
0.5043
0.0
0.0
0.2023
0.3979
0.0
-0.069
0.8315
0.0
0.5267
0.0
0.0426
-0.1531
0.0
-0.1531
0.0
0.0
0.0
0.0
0.5859
0.34
0.0
0.34
0.0
0.0
0.0693
0.0
0.0693
0.0
0.0
-0.298
0.0
0.0
0.25
0.0258
0.0
0.0
0.0
0.0
0.128
0.0
0.0
0.0772
0.0
0.4404
0.0
0.5994
0.4549
-0.4767
0.0
0.0
0.3612
0.0
0.0
0.0
0.4404
0.0
-0.2411
0.6474
0.0
0.0
0.5994
0.6124
-0.2617
0.5147
0.3182
0.0
0.0
0.0
0.3919
0.2732
0.0
0.0
0.0
0.4404
0.4201
0.0
0.4019
0.0
0.0
0.0
0.0
0.0
0.7096
-0.1531
0.1511
0.0
0.0
0.0
0.0
0.0
0.0
0.4019
0.0
0.0
-0.1779
0.4767
0.0
0.0
0.4404
0.0
0.7345
-0.296
0.0
0.0
0.0
0.0
0.0
0.3612
0.128
0.0
0.0
0.0
0.0
0.6124
0.0
0.3612
0.3182
0.0
-0.3182
0.1769
-0.5334
0.7776
0.25
0.0
0.4404
0.34
-0.4158
-0.0258
0.0865
-0.6855
-0.0258
-0.5806
0.6597
-0.7003
0.0
0.3612
0.4019
-0.4019
0.0
0.6782
0.144
0.296
-0.477
0.296
-0.477
0.0
0.0
0.0
0.0
0.0
0.0
0.0
0.3291
0.2732
0.1655
0.0
0.7269
0.0
0.0
0.0
0.4019
0.0
0.0
0.0
0.0
0.0
-0.296
-0.34
0.0772
0.0
0.0
0.2732
-0.4215
0.0
0.3612
0.0
-0.2732
0.4199
0.7172
0.0
0.0
0.5209
0.4019
0.0
0.4019
0.0
0.453
0.0
0.0
0.0
-0.4767
0.0
0.128
0.0
0.0
0.0
-0.2023
0.0
-0.4019
0.2382
0.0
0.4019
0.0
0.0
0.0
0.0
0.0772
-0.0056
0.0
0.6369
-0.4019
0.0
0.0
0.0
0.7351
0.4019
0.0
0.0
0.0
0.4885
0.0
0.0
0.0
0.0
0.0
-0.3089
0.0
0.0
0.4404
0.743
0.0
0.0
0.0
-0.1326
-0.7062
0.0
-0.5719
-0.34
0.296
0.0
-0.1477
0.0772
0.902
0.0
0.0
0.6597
0.3919
0.6114
0.5719
0.1406
0.543
0.0
0.0
0.0
-0.1779
-0.26
0.5859
0.0
0.4926
0.0
0.4019
0.0772
0.0
0.5126
0.6124
0.9301
0.0258
-0.128
0.3699
0.4019
-0.3404
0.8553
0.0
0.126
0.7568
-0.2732
0.0
0.1531
0.0
0.0
0.0
0.289
0.3612
0.0
0.0
0.4588
0.4201
0.0
0.2928
0.0591
0.0
0.0
0.0
0.2732
0.1901
-0.0826
0.4019
-0.1531
-0.4162
-0.4215
0.0
0.3029
-0.2901
0.0
0.0
0.296
-0.5859
0.0
0.0
0.9439
0.0
-0.9783
-0.6969
-0.5
0.0
-0.9313
0.0
-0.9449
-0.7717
-0.2567
-0.296
0.0
-0.4019
0.5023
0.0
0.6369
-0.5106
0.2023
0.7579
0.0
0.0
0.0
0.0
0.0
0.0
0.0
0.0
0.4522
0.0
0.6067
0.4019
0.3384
0.0
0.1531
-0.3392
-0.3089
0.3612
-0.2411
0.5267
-0.25
0.0
0.0
0.802
-0.1779
-0.5499
-0.0516
-0.3612
0.6956
0.0
-0.6249
-0.296
0.0201
0.4215
0.0
-0.5106
0.7003
0.4404
-0.0772
0.0
-0.0721
0.3182
-0.3412
-0.0772
0.4019
0.0
0.0
0.0
0.3612
-0.25
0.0
-0.296
0.0
0.0
0.3612
-0.25
0.0
-0.296
0.0
0.0772
-0.3491
0.0
0.0
0.34
0.25
0.0
0.5719
0.4019
0.0
0.0624
0.4404
0.0772
-0.0717
0.34
0.0258
0.0
0.4306
0.0
0.0
0.0
0.7579
0.0772
0.4019
0.0772
0.0
0.0
0.6486
0.0
0.0
0.0
0.0
0.4404
-0.3182
0.0772
0.34
-0.5588
0.296
0.0772
0.0
0.0
0.0
-0.5984
0.0
0.0
0.0
0.0
0.4404
0.296
0.0
0.1779
0.0
0.0
0.0
0.0
0.0
0.0
0.0
0.0
-0.296
-0.296
0.0
0.0
-0.34
0.0
0.6486
-0.2023
0.0
0.4019
0.3818
0.0
-0.1779
-0.4497
0.6124
-0.4019
0.4168
-0.4023
0.296
0.0
0.5719
0.5729
0.1139
0.0
0.0258
0.0
0.4576
0.3612
0.6124
0.2481
0.0
0.0
0.1572
0.0
-0.4572
-0.7806
0.3612
0.6369
0.0
0.0
-0.0258
0.0
-0.4019
-0.6369
0.0258
0.8549
-0.34
0.0
-0.4019
0.3818
0.2732
-0.4019
0.743
0.4019
-0.6705
0.802
0.5994
0.0
0.0
-0.1695
0.0
0.0299
0.0772
0.0
0.0
0.0
0.9231
-0.5216
0.0
0.765
0.0772
0.802
0.0
0.4404
-0.34
0.0
0.0
0.0
0.0
0.0
0.0
-0.6908
-0.296
0.0
0.0258
0.0
0.4199
0.0
0.802
0.296
0.0
0.0
0.0
0.0
0.0
0.0
0.0
0.0
0.9175
0.5885
0.0
-0.5423
-0.2575
0.0
0.0772
0.0
0.4404
0.0
0.0
0.296
0.0
0.2263
0.4404
-0.4201
0.3182
-0.5927
0.3182
0.0
-0.6908
0.0
0.4404
-0.1779
-0.296
0.0
0.0
0.5423
-0.2411
0.3182
0.0
0.8425
0.4767
0.25
0.2023
0.25
0.3612
0.4215
0.0
0.5228
0.6081
0.0772
0.0
0.0
-0.3333
0.0258
-0.296
0.0
0.0
-0.1531
0.7574
0.4404
-0.6486
0.0
0.0258
0.0772
0.4019
0.0
0.0
0.3612
0.0855
0.5859
-0.296
0.0
0.3612
0.4404
0.0
-0.2263
-0.2732
0.0
-0.3328
0.0
0.0
-0.3612
0.0
0.0
0.4019
0.4019
0.0
0.0
0.0
0.0
0.296
0.2263
0.0
0.0
-0.2732
-0.296
0.0918
0.0
-0.0857
0.4404
0.5429
0.4939
0.1406
0.7096
0.4926
0.0
0.4939
0.1406
0.7096
0.0
0.0
0.6597
-0.1531
-0.4753
0.0
0.3612
0.34
-0.4926
0.0
0.0
-0.3987
0.2732
0.5994
-0.1977
0.4199
-0.296
0.0
-0.3182
0.0772
0.0772
0.0772
-0.3182
0.0772
0.0772
-0.4019
0.3182
0.0
-0.296
-0.2732
-0.3557
0.0
0.3182
-0.2023
0.0
0.0
0.0
0.0
0.0
0.5499
0.6808
0.0
0.3182
0.4939
0.0
-0.0
0.0
0.0
-0.8922
-0.0516
0.3182
0.0
0.0
0.0
0.4215
0.4404
0.0
0.4215
0.3612
0.0
0.8122
0.5859
0.0
0.0
0.0
0.5859
0.0
0.0
0.0
0.5859
0.0
0.0
0.0
0.0
-0.3595
0.0
0.0
-0.3612
0.0861
-0.7104
0.0
0.4215
0.0
0.4019
0.0
0.6851
0.3619
-0.34
0.7096
-0.2351
0.4588
0.0
-0.3491
-0.4449
0.0
0.0
0.0
0.1779
0.0
0.8316
-0.4767
0.0
-0.2263
-0.6673
0.0
0.4019
-0.3612
0.0
0.0772
0.0
0.0
0.0
0.34
0.0
0.1548
0.4939
0.0
0.4215
0.5994
0.0
0.0
0.0
0.0
0.0
0.0772
0.0
0.0
0.4019
0.2732
0.0
0.0
0.296
0.0
0.0
-0.5859
0.0
0.0
0.5859
0.5859
0.0
0.0
0.34
0.0
0.0
-0.4019
0.0
-0.8514
0.2023
-0.5411
0.5954
-0.4767
0.0
0.2732
0.4404
-0.5423
0.0
0.0772
0.0
0.0
0.4019
0.6514
0.0
0.0
0.0
-0.3182
0.0
-0.3291
0.3612
0.0
0.3818
0.1901
0.0
-0.2924
0.3182
0.0
-0.4019
-0.4019
0.0
0.4019
0.0
0.0
0.0
0.0
0.6908
-0.2411
0.0
0.0
0.4019
0.6059
0.765
0.0
0.0
0.4019
-0.7227
0.0516
0.75
0.3612
0.0
-0.5106
0.0
0.296
0.0
0.0
-0.4019
0.0
0.0
0.8793
0.4019
-0.296
0.0772
0.0772
0.4927
0.4215
0.0
-0.2244
0.0
0.2023
0.0
0.3612
0.0
0.0
-0.296
0.0
0.0
-0.4404
-0.3182
0.2732
0.0
0.0
0.4019
0.4019
-0.5719
0.0
-0.296
0.0
0.0
0.6872
0.0
0.0
0.0
-0.296
-0.5023
0.0
0.0
0.5267
0.0
0.714
0.1531
0.0
0.3565
-0.4019
0.397
0.8122
-0.2411
0.0
0.8216
0.0
0.4039
-0.4019
0.0
0.0
0.0
0.8402
0.0
-0.296
0.2023
0.0
0.2771
0.0
0.0
-0.3453
0.0
0.0
0.0
-0.3612
0.0
0.3408
0.0
0.0
0.0
0.0
0.0
0.0
0.0
0.25
-0.2586
0.4404
0.5848
0.0
0.0772
0.0
0.296
0.6486
0.4767
-0.296
0.3182
0.0
0.0
0.7079
0.0
0.0
-0.4215
0.0
0.4404
0.25
0.0
-0.2023
0.0
0.0
0.2023
-0.1325
0.2263
0.0
0.0
0.0
-0.1531
0.0
0.0
0.0
0.0
0.0
0.5849
0.128
0.6124
0.0
0.0
-0.2584
0.4215
-0.3818
0.5106
0.0
-0.2732
0.0
0.0
0.4019
0.7003
0.91
0.5267
0.4926
-0.0644
0.0
0.0
0.0
0.4939
-0.296
0.0
-0.296
0.0
0.0
0.0
0.0
0.4738
0.6486
0.1779
0.0
0.0
0.0
0.0
0.3612
0.0
0.0
0.0
0.0
-0.5423
0.0
-0.7359
-0.7351
0.6808
-0.1531
0.0
0.4019
-0.3182
0.0
0.2732
0.0
0.4166
0.6124
-0.4215
0.0
0.0
0.0
-0.296
0.3612
0.0
0.0
0.5842
0.9081
0.0772
0.2732
-0.5423
0.0
-0.516
-0.1319
-0.3109
-0.5423
0.5684
0.5719
0.0
0.0
0.25
0.0
0.0
0.0
0.0
0.0
0.0
0.0
0.4215
0.2047
0.0
0.3182
0.3919
-0.5423
0.0
-0.3532
0.0
0.0
0.0
0.1901
0.2732
0.34
0.0772
-0.296
0.0
-0.4939
0.2732
-0.5606
-0.1779
-0.296
0.0
-0.4767
0.714
0.0
0.0772
0.0
0.6597
0.34
0.0
0.0
0.0
0.0772
-0.0951
0.0
0.0
0.0
0.4404
0.0258
0.0
0.0
0.7351
0.0
0.0
0.0
0.0
0.5233
0.0
0.0
0.4404
0.631
0.4005
0.4215
0.5859
0.4019
0.0
0.296
0.0
0.0
0.0
0.4019
0.0
-0.1531
0.0772
0.4019
0.0
0.0
0.4215
0.0
-0.4019
0.0
0.0
0.0
-0.7552
0.0
0.0
-0.296
0.4404
-0.4912
0.0
0.0
0.0
0.0
0.1027
0.0
0.0
0.0
0.0
0.2023
0.4404
0.4337
0.0
0.0
0.0
0.3802
0.0
0.0
0.1027
-0.296
0.4391
0.0
0.4019
0.0772
-0.2411
0.0
0.0
-0.296
0.0
0.0
0.0
0.0
0.0
0.0
0.6705
0.4404
0.4245
-0.2382
0.4199
0.0
0.0
-0.5563
0.0
0.0
0.0
-0.296
0.4939
-0.296
0.0
0.2755
0.0
0.4019
0.296
-0.2732
0.0
0.0
0.0
0.0
0.0
0.0366
0.6249
0.2263
-0.296
-0.5367
-0.7003
-0.4019
0.4754
0.0
0.0
0.0
0.0
0.7845
0.0
0.0
0.0382
0.0
0.0
0.7876
0.0
-0.1531
0.0
0.1511
0.0
0.6705
0.0
0.296
0.1901
0.296
0.0
0.0
-0.296
0.0
0.5106
0.0
0.807
0.0
0.0
0.4019
0.4404
0.2716
0.0
0.0
0.0
0.2944
-0.3415
0.8596
-0.5423
0.4767
0.0
-0.296
0.4767
0.0
0.4404
0.0
0.3612
0.25
0.0
0.0
0.0
-0.5499
0.0
-0.2144
0.7823
0.09
0.1655
0.0
-0.296
0.0
-0.296
0.0
0.128
0.1531
0.0
0.0
-0.2732
0.0
0.4019
0.0
0.3182
0.0
0.4019
0.0
0.7574
0.0
0.4201
0.0
0.3291
0.296
0.3527
0.0
-0.25
0.0
0.0
0.0
0.0
0.0
0.0
0.8999
0.0
0.0
0.5994
0.0
-0.3182
0.0
-0.2755
0.0
0.0
0.0
0.3291
0.0
0.0
0.0
-0.34
-0.3597
0.0
0.0
0.0
0.0
0.0
0.3612
0.0
-0.4588
0.0772
0.0
0.0
-0.2263
-0.3089
-0.5007
-0.6124
-0.4019
0.0
0.6369
0.4404
0.0
0.0
0.0
0.3818
0.3818
0.0
0.34
0.0
0.0
-0.5106
-0.611
0.0
0.0
0.4404
0.0
0.0
0.0
0.0
0.1779
0.1779
0.0
-0.3818
0.0
-0.3291
-0.7003
-0.8176
-0.3491
-0.1548
0.4404
-0.25
0.5242
0.0
0.0
-0.5849
0.0
0.0
0.0
0.0
-0.5994
0.0
-0.296
0.431
0.0
0.0
0.1779
0.0
0.4404
0.0
-0.296
0.0
-0.0516
0.0
0.0
0.0
0.2462
0.8922
0.0
0.0
0.5994
0.0
0.0
-0.296
-0.2411
0.34
0.0
0.0
0.3612
0.4404
0.3612
0.6461
-0.727
0.0
-0.5423
-0.4019
0.0772
0.0
0.0
0.0516
0.5574
0.0
0.0
0.0
0.0
0.0
0.1531
-0.6313
0.0
0.0
0.0
-0.4019
-0.9252
0.4215
0.2714
0.3818
0.0
-0.296
0.0
0.7717
0.0201
0.0
0.0
0.0
0.2132
0.0772
0.0
0.0
0.4939
0.0
0.0
-0.6369
0.0
-0.685
0.6696
0.0
-0.4019
0.0
0.0
0.0
0.0
0.0
-0.4549
0.0772
0.8934
0.0
0.0
0.0
-0.1531
0.3182
0.6633
0.5766
0.0
0.4019
0.0
0.7003
0.0
-0.8265
-0.296
0.6369
0.5574
0.3595
0.4199
-0.3612
0.0
0.0258
0.4019
0.0
-0.296
0.0
0.4404
0.0
0.0526
0.5859
0.2695
0.4939
0.0
0.0
0.5371
-0.5927
0.0
0.0
-0.4019
0.5371
-0.5927
0.0
0.2732
0.0
0.25
0.5267
0.0
0.0
0.8176
-0.2144
0.0
0.4588
0.0
-0.6884
0.1415
0.0
0.6908
0.0
-0.7003
-0.5267
-0.7003
-0.4767
-0.4404
0.0
0.3612
0.0
-0.6874
0.0
0.0
0.7684
-0.0387
0.8957
-0.2263
-0.5106
0.0
0.0
-0.5267
0.6369
0.8277
-0.4404
0.7351
0.229
-0.4404
0.0
-0.4404
0.0
0.0
-0.296
0.0
0.0
0.0
0.3612
-0.7964
0.2023
-0.4019
0.0
0.0
0.6322
0.0772
0.0
0.0
0.0
0.0
0.0
-0.2732
0.4336
0.0
0.0
0.0
0.0
0.0
0.0
0.0
-0.2263
0.6486
0.0
0.5647
0.0
0.0
0.0
0.7964
0.0772
0.0
0.0
0.0
0.0
0.4019
0.0
0.4019
0.0
0.1288
0.0
-0.2023
0.0
-0.2023
-0.3566
0.3818
0.128
0.2263
0.4404
0.7906
0.4926
0.0
-0.0232
0.2354
0.8808
0.0
0.0
0.0
0.0
-0.2263
0.0
0.0
-0.5719
0.0
-0.5574
0.8431
0.0
-0.2732
0.0
0.0
0.0
0.0
0.0
0.0
0.0772
0.8689
0.0
-0.3252
-0.6705
-0.296
0.34
0.3818
0.5859
0.6093
0.6597
0.438
0.0
-0.5994
-0.1779
-0.481
0.0
0.0
0.0
0.3182
0.0
0.3818
0.0
0.34
-0.296
0.0
0.0
0.0
0.0
-0.2993
0.2732
0.2732
-0.0258
0.0
0.0
0.0
0.0
-0.3597
0.0
0.0
0.0
0.4753
0.34
0.0
0.0
0.0
0.0
0.4926
0.0
0.1779
0.0
0.5106
0.69
0.0
0.0
-0.3257
-0.4019
0.0
-0.2003
-0.2003
-0.2003
0.0
0.34
0.0
0.3182
-0.4153
0.8201
0.0
0.8201
0.0
0.0
0.4215
0.3182
-0.296
-0.1027
0.0
-0.2255
0.0
-0.4019
-0.2144
0.0
-0.3192
0.0
0.4466
0.7901
0.0
0.0
0.0
0.0
0.0
0.0
-0.0516
0.0
0.0772
0.0
0.2263
0.0
0.296
0.296
0.0
0.0
0.5574
0.3182
0.2263
0.5562
0.8641
0.0
0.0
0.0
-0.1365
0.3182
0.0
0.0
-0.6697
-0.0516
0.0
0.6597
0.0
0.0
0.3612
0.0
-0.296
0.0
0.0
-0.34
0.0
0.0
0.4588
0.0
0.0
-0.5267
0.0
0.7964
-0.1318
0.0
0.0
0.3818
0.7529
-0.5175
0.0
0.0
0.0
0.0
-0.4767
0.0
0.8934
0.2263
-0.1511
-0.4404
0.0
0.0
-0.3182
0.0258
0.0
0.0
0.6486
0.3089
0.0
-0.3089
0.2263
-0.34
0.0
0.3612
0.0
0.0
0.0
0.0
0.0
0.25
-0.1531
0.4019
-0.296
0.4019
0.0
0.25
0.0
0.0
0.4019
0.0
0.0
0.5683
-0.4019
0.3818
0.6597
0.0
0.4215
0.0
0.0
0.0
0.0
0.0
0.0
-0.4753
-0.4019
0.4019
0.6369
0.1779
0.0
0.8402
0.0258
-0.4019
0.2783
-0.296
-0.2255
0.0356
0.0
0.0
0.0
0.34
0.1027
-0.2299
0.34
-0.2732
0.533
0.3612
0.0
0.0
0.3915
0.0
0.0
0.0
0.0
0.5473
-0.481
0.2263
-0.4449
0.0
0.2263
0.5562
0.4019
0.0
0.0
0.0
-0.5358
0.0
0.0
0.0
0.296
-0.3169
-0.2057
0.4215
0.0
0.0
0.0
0.0
0.0
0.4939
-0.0516
0.0
0.0
0.0
0.0
0.4404
0.0
-0.4019
0.0
0.1901
0.0
-0.4767
0.0
0.4151
0.2023
0.9376
0.0
0.0
0.0
0.34
0.0
0.6872
0.0
0.0
0.0
0.0
0.6705
0.0
0.0
0.0
0.4767
0.2023
0.3054
0.0
0.0
0.7065
-0.296
0.0
0.1295
0.4404
0.0
0.6486
-0.4019
0.0
-0.4404
-0.296
-0.296
0.1901
-0.296
0.3182
0.5228
0.0
0.1027
0.6597
-0.0258
-0.3612
0.4939
0.0
0.0
0.2732
0.0
0.4659
0.0
-0.2411
0.4249
0.0
-0.2411
0.1335
0.5719
0.0
0.34
0.0
0.0
0.0
0.2023
0.0
0.0
-0.1695
0.0
0.2732
0.0
0.5574
0.4199
-0.5859
0.0
0.3167
-0.25
0.0
0.0
0.296
-0.3597
0.0
0.0
0.4019
0.0
-0.296
0.2263
-0.1531
0.0
0.4019
-0.6632
0.0
0.0
0.0
0.1154
0.1779
0.0
0.0
0.0
0.1027
0.0
0.4767
-0.1531
0.4019
0.0
0.5859
0.0
0.0
0.2263
0.4215
0.3197
0.3818
0.0
0.6671
0.0
0.0
-0.4019
0.6239
0.4678
0.69
0.1877
0.8338
0.2023
-0.4019
-0.3818
0.0
0.0276
0.6562
0.6738
0.4404
0.0
0.1531
0.0
0.0
-0.296
-0.5499
0.0
0.0
0.2732
-0.3612
0.0
0.0
0.6124
0.0
0.0516
0.0
0.4019
0.0
-0.4019
0.0
-0.4019
0.0
0.1531
0.3612
-0.3612
0.0
0.0
0.0
0.0
0.0
0.1862
0.4939
0.0
0.0
0.0
0.0
0.0772
0.0
0.6808
0.5719
0.0
-0.397
0.2263
0.0
0.0
-0.2912
-0.1779
0.0
0.0
0.0
-0.1779
0.0
0.0
0.0
0.0
0.25
0.0
0.0
0.0
0.0
0.0
-0.4951
0.0
0.0
0.5255
-0.4404
-0.2225
0.0772
0.296
-0.3597
0.5994
0.3612
0.8582
0.8519
0.0
0.0772
0.128
0.0
0.0
0.0
0.25
0.3967
0.4588
0.1513
0.0
0.0
0.296
0.5859
0.4019
0.7845
0.8442
0.3182
-0.4404
0.4144
0.0
0.4019
0.4019
-0.2263
0.0
0.0046
0.4019
0.0
0.4588
0.0
0.0
0.7184
0.0
0.3919
-0.25
0.2263
0.0
-0.0258
0.2263
0.3243
0.0
0.2732
0.0
0.3612
0.8442
0.9373
0.8462
0.0869
0.2648
0.296
0.0
0.0
0.0
0.3291
0.0
0.4215
0.0
0.4753
0.0
0.5423
0.0
0.0
0.0
0.0
-0.2411
0.4404
-0.2411
0.0
0.4019
0.4019
0.34
0.0
0.3612
0.0772
0.0
0.0
0.4019
0.0
-0.6523
0.9244
0.0
0.3612
0.3182
0.0
0.0
0.0
0.4404
-0.4767
0.6486
-0.0516
0.0
0.0
0.0
0.0
0.0
0.0516
-0.1779
0.0951
0.4019
0.6801
0.0
0.2263
0.34
0.6705
0.4975
0.0
0.4199
0.0
0.3919
0.2732
0.0
-0.1027
0.0
0.0
0.128
0.0
0.128
0.0
-0.0721
0.4404
0.0
0.0
0.0
0.0
0.0
0.0
-0.2263
0.0
-0.1916
0.0
0.5824
0.0
-0.6996
0.2732
0.7823
0.4404
0.0
0.0
-0.0772
0.4019
-0.0516
-0.2023
0.34
0.128
-0.2584
0.0
0.0772
0.5574
0.2732
-0.4767
-0.3182
-0.296
-0.0772
-0.3612
0.4576
0.6369
-0.1779
-0.8118
0.357
0.2732
0.0
-0.4215
0.0
0.2732
0.0
0.0
0.4404
0.2023
0.0
0.0
0.0
0.0
0.0
0.0
0.3818
0.5558
0.0
0.1825
0.4939
0.0
0.0
0.4939
0.0
0.0
-0.5719
-0.3612
0.0
0.0
-0.1779
0.0
0.0
0.4019
0.0
0.0258
0.2732
0.7003
-0.5267
0.0
0.0
0.0
0.4404
0.0
0.765
0.0
0.0
0.0
0.0
0.0
0.0
0.4939
0.6124
0.0
0.0
0.0
0.0
0.0
0.0
0.0
0.0
-0.4019
0.0
0.0
0.0
0.0
0.0
-0.3265
0.0
0.4215
0.5719
0.1759
0.0
0.0
0.0
0.0
0.0
0.7644
0.0
0.34
0.0
0.0
0.0
0.0
0.0
0.0
0.3612
0.3892
0.4199
0.0
0.0
0.0
0.5574
0.0
0.0
0.0
0.3612
0.4926
0.4939
0.2617
0.25
0.0
0.1027
0.0
0.6705
0.0
0.0
0.0
0.0
0.4019
-0.5423
-0.6597
0.0
-0.5423
-0.6597
0.0
0.3612
0.0
0.3612
0.5719
0.4767
0.0
0.3818
0.5562
0.0
0.0
0.4404
0.0
0.0
0.0
0.0
0.5673
0.0
0.6705
0.2732
0.0
-0.296
0.0
0.0
0.4588
0.0
0.4215
0.0
0.2023
-0.5719
-0.9025
-0.5423
0.0
0.0
0.3818
-0.34
-0.5574
0.0
0.2263
0.0
-0.1531
0.2263
0.5983
0.8591
-0.1877
0.0258
0.0
0.0
0.0
0.0
0.0
0.0
0.0
0.0
0.0
0.0
0.0
0.0
0.0
0.0
-0.4019
0.34
-0.296
-0.4767
0.0
0.0
-0.5106
-0.34
0.4404
0.0
-0.34
0.34
0.4404
0.0
0.0
0.0
0.0
0.0
0.0
0.0
0.2263
0.0
0.2263
0.4019
0.0
-0.4019
-0.6686
0.0
0.6564
0.128
-0.4939
-0.2003
0.2481
0.128
0.0258
0.886
0.4926
0.636
0.0
0.3892
-0.0772
0.0
0.3612
0.0
0.0
0.0
0.0
0.0
0.5562
0.0
0.0
-0.4215
0.0
0.5837
-0.4215
0.784
-0.6369
0.4404
0.296
0.0
-0.3818
0.0772
0.0
0.0
-0.2411
0.0
0.0
0.4404
0.0
0.3612
0.0772
0.0
0.6476
-0.296
0.3182
0.6486
0.0
0.4019
-0.0516
0.0772
-0.1759
-0.34
-0.6808
0.4877
0.0
0.0
0.0
0.0
0.0
-0.561
0.6705
0.0
0.4939
0.0
0.2732
0.3609
0.6369
0.4215
0.0772
0.0
-0.2732
0.7511
0.0772
0.3182
-0.1548
-0.296
0.2263
-0.6478
0.0
0.4215
0.0
0.0
0.4019
0.0
0.0
-0.4767
0.0
0.3612
0.0
0.0
0.0
0.0
0.0
0.9273
0.0
0.0
0.4215
0.0
0.0
-0.545
0.0129
0.7096
0.0
0.0
0.0
0.0
0.0
-0.3348
0.0
0.4215
0.2263
0.0
0.0
0.0
0.0
0.4019
-0.3182
0.3612
-0.5267
0.6059
0.0
0.0
-0.2023
-0.0258
-0.5859
0.0
0.0
0.0
0.0
0.0
0.6239
0.0
-0.7351
0.0
0.0
0.0
0.4019
-0.2732
0.3182
0.6908
-0.296
-0.4574
0.0
0.3818
-0.3871
-0.3182
0.5994
0.4215
-0.7278
0.0
0.0
0.0
0.0
0.0
0.3919
0.0
0.0
0.3182
0.4404
0.7968
0.0
0.6486
0.0
0.0
0.6486
0.0
0.0
0.0
0.0
0.0
0.0
-0.296
0.3818
0.0
0.5399
0.0
0.0
0.0
-0.4215
0.0772
0.4404
0.4767
0.7954
0.0
0.0
0.0
0.3612
-0.4404
0.0
0.4767
0.0
0.0
0.5972
0.2023
0.0
0.0
0.0
0.0
0.3724
0.0
0.0
0.0624
0.4019
0.0
0.0
0.0
0.0
0.0
0.0
0.3384
0.0
0.0
-0.3535
0.0
0.0
0.0
0.0
0.0
0.2023
0.5859
0.1779
0.1007
-0.296
0.0
0.0
-0.4404
0.0
0.0
0.0772
-0.3595
0.4404
0.5003
0.3182
0.2732
0.0772
0.296
0.0
0.0
0.0
0.0
0.0
0.4215
-0.4215
0.0
-0.3182
0.0
0.0
0.0
0.34
0.0
0.1779
0.0
0.0
0.0
0.0
0.0
0.0
0.34
0.6124
0.0
0.0
0.4767
0.549
-0.1007
0.0
0.4404
-0.4574
0.0
0.0951
0.8807
0.0
0.2263
-0.6652
0.0
0.0
-0.8126
-0.4215
0.0
0.0
0.0
0.0
0.4738
0.0
0.0
-0.1134
0.0
0.0
0.0
0.25
-0.4871
0.0
0.0
0.1965
0.4926
0.4295
0.6369
-0.296
0.0
0.0
0.7717
0.8658
0.9075
0.6124
0.0
0.0
0.4019
-0.4767
0.0
0.0
0.0
0.6258
0.296
0.4199
0.0
0.4572
0.0772
0.0
0.0
0.4215
0.4215
0.0
0.0
0.0
0.0
0.0
0.0
0.0
0.6668
0.8752
0.7968
0.7968
0.0
0.0
-0.0675
0.1901
-0.4767
-0.6124
0.0
0.4927
0.0
0.0772
-0.6124
0.0
0.0
0.0
-0.6757
0.3412
0.0
0.0
0.0
0.0
0.0
-0.4019
0.2732
-0.3612
0.3421
0.0
0.0
0.1655
0.0
-0.4449
0.2732
0.0
0.0
0.8074
0.0
0.2732
-0.1027
-0.4767
0.0
0.0
0.0
-0.2144
-0.7525
-0.5106
0.4927
0.0
0.0
0.296
-0.4019
0.7866
0.2732
0.0
-0.7066
0.0
0.0
0.3612
0.0108
0.4019
0.4215
0.34
0.4019
0.2023
-0.1603
0.0
0.2023
0.2732
0.0
0.0
0.34
0.4588
-0.2083
0.34
0.0
0.4404
0.2023
0.6486
0.0
0.0
0.4019
0.0
0.4588
0.0772
-0.6161
-0.5719
0.0
0.0
0.0
0.0
0.6956
0.0
0.0
0.0
0.0
0.0
0.0
0.4215
-0.4767
0.0
0.0
0.6705
0.0
0.0
0.0
0.0
0.6239
0.0
0.4019
-0.3089
0.1139
-0.296
0.0
0.0
-0.34
0.0
-0.4582
0.5927
-0.0772
-0.7365
0.296
0.3164
0.0
0.3802
-0.7717
0.0
0.1779
0.0
0.0
-0.0772
0.0
0.0
-0.3612
-0.3182
0.0
0.0
0.6588
0.0
0.0
0.0
0.0
-0.0516
-0.1232
-0.2411
0.0
0.0
0.34
0.34
0.0
-0.2411
0.0
-0.0516
0.0516
0.4005
0.0
0.1779
0.0
0.6908
0.1091
0.0772
0.0
0.0
0.0
0.0
0.0
0.0
-0.296
0.0
0.0
0.296
0.0
0.0
-0.2023
0.0
0.0
0.0
0.7003
0.0
0.5106
0.9168
0.0
0.0
0.0
0.0
0.0
0.0
0.8697
0.25
0.0
0.5927
0.0
0.0
-0.4404
0.0
-0.296
0.3045
0.0
-0.2057
0.0
0.0
0.0
0.0
0.6249
0.2846
0.2263
0.54
0.6467
0.0
0.6908
0.6369
0.7269
0.296
-0.1779
0.7901
0.765
0.0
0.0
-0.4144
0.381
0.8234
0.0772
0.0
-0.296
0.3291
0.0
0.3182
0.0258
0.8313
0.0
0.6077
0.0
0.0
0.2263
0.7552
0.0
-0.0772
0.0
0.0
-0.0772
0.0516
-0.2755
0.0
0.0
0.4019
0.0
0.0
-0.1531
0.4019
0.4576
0.0
0.4404
0.6908
-0.4019
-0.296
-0.4019
0.4215
0.0583
-0.3612
0.0
0.4404
0.0
0.0
0.7672
-0.4767
0.3612
0.7402
0.0
0.4497
0.0
0.8316
0.0
-0.25
0.0
0.7433
0.8555
0.0
0.0
0.0
0.0
0.0
0.296
0.0
0.0
-0.4404
0.5972
-0.8788
0.0
0.0772
0.4215
0.0
0.0
0.5657
-0.34
-0.34
0.3612
0.0
0.4588
0.0
0.765
0.0
0.0
-0.4767
0.0
-0.4767
0.0
0.0
0.1007
0.0
0.1901
0.4019
0.0
0.0
0.3612
0.4019
0.6597
0.0
0.3612
0.0
0.0
0.0
0.3182
0.1027
0.0
0.0
-0.1232
0.0
0.3182
0.0
0.0
0.0
0.0
0.5473
0.0
-0.5499
-0.1154
0.0
0.0
0.4019
0.0
0.0
0.0
-0.1734
0.0
0.0
0.0
0.0
0.7603
0.908
0.6104
-0.4341
0.3612
-0.7601
0.0
-0.2677
0.4019
0.0
-0.5423
-0.7744
-0.7579
-0.1311
0.0
-0.4767
0.0
-0.6177
-0.5106
-0.4019
0.6486
0.4201
0.1511
-0.1511
0.0
0.0
0.8555
0.9041
0.0
0.0772
-0.6971
0.0
0.4939
-0.2005
0.4215
0.0
0.0
0.0
0.0
0.0
0.4019
0.5423
-0.5719
-0.4019
0.0
0.0
0.3182
0.3182
0.4019
0.7361
0.0
0.0
0.34
0.0
0.0
0.6486
0.7184
-0.765
0.4767
-0.34
0.6808
0.3182
0.4215
0.3818
0.0
0.0
0.0
0.0
0.0
0.4019
0.2801
-0.4404
0.5562
0.0
-0.3612
0.0
0.8356
0.4404
0.705
0.4023
0.4588
0.81
0.8625
0.8537
-0.0258
-0.296
0.6474
0.0094
0.8126
0.8648
0.0258
0.0
-0.4767
0.0
0.6808
0.0772
-0.3724
0.0
0.8885
0.0
0.0
0.0
0.0
0.4019
0.0
0.929
0.25
0.0
0.0
0.0
0.5023
0.0772
0.8074
0.6705
0.0
0.5267
0.0
-0.0258
0.0
0.0
0.0
0.0
0.0
0.7264
0.8439
0.0
0.1531
0.0
0.0
0.0
0.0
-0.4767
0.0
0.3612
0.0
0.0
0.7339
-0.2886
0.4404
0.0
0.0
-0.5187
0.0
0.0
0.0
0.4019
0.0
0.281
0.4404
0.5994
0.5106
0.0
-0.5574
0.7755
0.5106
0.1608
-0.438
-0.0772
0.6381
0.0
0.4215
-0.296
-0.3612
0.6249
0.0
0.8065
0.4939
0.4215
0.0
0.4754
0.3818
0.3254
-0.2023
0.7808
0.0
0.5423
0.8819
0.0
0.3182
0.4019
0.0
0.2895
0.0
0.0
0.7964
0.9693
0.0
0.3612
0.1197
-0.128
-0.69
0.128
0.0
0.0
0.7748
0.4019
0.7506
0.9304
0.0
-0.296
0.0
0.5994
0.0
0.3182
0.0
0.0
0.4019
0.0
0.0
0.0
-0.0516
0.0
0.0
0.0
0.0
0.0
0.6124
0.128
-0.296
0.0258
0.2732
0.6486
0.0
0.6908
0.0
0.3612
0.1779
0.0
-0.1027
0.128
0.0
0.0
0.6486
0.5473
0.0
0.0
0.0
0.0
0.2023
0.2263
0.2023
0.0
0.5913
0.3612
0.0
0.6478
0.0311
0.6932
0.2924
0.0
0.0
-0.1027
0.3802
0.0
0.8478
0.3818
-0.0258
0.0
0.4019
0.7351
0.7357
0.0
0.0
-0.6705
0.3182
0.0
0.0
0.4215
-0.4404
0.0
0.6369
0.0
-0.5255
0.2023
-0.3612
0.0
0.0
0.4019
0.0
0.0
-0.4767
0.3818
0.3182
-0.3089
0.6239
0.0
-0.101
0.3786
0.0
0.0
-0.4404
0.0
-0.2263
-0.6249
-0.4019
0.0
0.128
-0.3182
0.1901
0.0
0.0
0.0
0.0
0.0
0.0
0.4404
0.6808
0.4767
0.0
0.0
-0.0129
-0.296
0.0
0.6249
0.1434
0.0
0.0
0.0
0.4404
0.0
0.0
0.0
0.0
0.0
0.0
0.0
0.4215
0.0772
0.0
0.3612
0.3612
0.128
0.0
0.0
0.6808
0.0
0.0
0.0
0.5859
0.0
0.0
0.4536
0.0
0.765
0.0
-0.6392
0.0
0.0
0.4019
0.4404
-0.3818
0.0
0.0
0.6209
0.0
0.0
0.4019
0.1071
0.0
0.0
0.4215
0.0
0.0
0.4019
0.4019
-0.3182
0.0
0.3182
0.3182
0.5423
0.4767
-0.296
0.0
0.0
0.0
-0.5267
0.0
0.4215
0.7479
0.0
0.3182
0.0
0.0
0.0
0.5719
0.296
0.0
-0.4939
-0.4019
-0.5256
0.34
0.6249
0.4927
0.0
0.0
0.0
0.0516
-0.34
0.34
0.0
0.6083
-0.2598
0.3182
0.0
0.5106
-0.4019
0.0
0.0
-0.7299
0.0
0.4215
0.0
-0.3252
0.0
0.0
0.2263
0.0
-0.7096
0.0
0.0
-0.5423
0.0
-0.743
-0.3291
-0.4019
0.0
0.3182
0.0
0.4099
0.3818
0.0
-0.5994
0.0
0.0
0.4019
0.0
0.0
0.0
0.0
0.0
0.3612
0.0
0.1779
0.0
0.0
0.0
-0.3291
0.0
0.0
0.0
0.0
0.0
0.0
0.0
0.0
-0.296
0.7644
0.0
0.0
0.3182
0.4926
0.5994
0.0
-0.34
0.0
0.4404
0.0772
0.5574
0.4588
0.0
0.0
0.6908
0.2732
-0.4767
0.0
-0.6486
0.3612
-0.5523
0.3612
0.0
0.0
0.4588
0.0
-0.0191
0.0
0.0
0.5267
-0.7184
0.0
0.6249
0.34
0.4939
0.0
0.0
0.0
0.2023
-0.296
0.34
0.0
0.0
0.0
0.6184
0.4939
0.3182
0.4404
-0.3971
0.2732
0.0
0.0
0.0
0.0
0.4019
-0.1531
-0.34
0.4522
-0.296
0.4019
0.4588
0.0
0.0
0.0
0.4019
0.2263
0.0
-0.1779
0.0
0.0
0.0
0.0772
0.3612
0.0772
0.0
-0.2263
0.0
0.0
0.0
0.3612
0.0
0.5574
0.34
0.2263
0.0772
0.0
0.5538
0.5198
-0.5423
0.6996
-0.1007
0.3612
0.765
0.8217
-0.296
0.5267
0.0
0.4019
-0.4404
0.0
-0.4767
0.0
-0.5106
-0.4019
0.0
0.0
-0.4019
0.0
0.8769
-0.2749
0.0
0.0
-0.2211
0.4588
-0.1516
0.0
0.0
0.0
0.4019
0.0
0.6808
-0.1531
0.0772
0.5106
0.0
0.0
0.0
0.0
-0.5667
0.4404
-0.1027
0.0
-0.296
0.0
0.0
-0.1083
0.4199
0.0
0.4199
-0.296
-0.3182
0.0
0.0
0.4404
-0.508
-0.4404
0.0
0.0
-0.1027
0.0
-0.2431
0.0
0.3182
0.0258
0.2263
0.0
-0.2411
-0.2411
0.4404
0.3182
-0.2411
0.4404
0.0
0.4574
0.4374
0.0
0.0
0.0
0.0
0.4215
-0.5391
-0.3612
0.1872
0.0
0.0
0.0
0.0
0.0
0.0
0.0
0.0
0.6808
0.0
0.2732
0.0
-0.4215
-0.296
-0.296
-0.4519
-0.296
0.6369
0.0
0.0
0.0
0.0
-0.3089
0.0
0.1531
0.6314
-0.2755
-0.4019
-0.652
0.0
-0.2263
0.0
-0.7651
0.0
0.0
0.4019
0.5106
0.0
0.0
0.0
0.0
0.0
0.0
0.0
-0.4404
0.0
0.0
0.6209
0.34
0.5994
0.0
0.0
0.0
0.296
0.5267
0.0
0.2732
0.0
0.34
0.296
-0.0258
0.0
0.0
0.0
0.0
0.0
0.4019
0.0
0.0
0.0
0.0
0.0
0.0
-0.296
0.0
0.0
0.0
0.4019
0.4019
0.4019
0.0
0.0
0.0
0.0
-0.6449
0.3612
-0.296
0.0
0.4019
0.0
0.0
0.5423
0.0772
0.0
0.0
0.2023
0.0
0.0
0.0
0.0
-0.4019
-0.25
-0.3561
0.3182
-0.357
0.6705
0.9424
-0.2732
0.0
-0.2732
-0.6316
0.7783
0.0
0.0
0.6808
-0.3561
0.3182
-0.357
0.6705
-0.3561
0.3182
-0.357
0.6705
0.0
-0.1406
0.0
0.0
0.0
0.0
-0.3561
0.3182
-0.357
0.6705
-0.2716
0.0
0.0
-0.4019
-0.0258
0.0
0.3182
-0.7783
0.2732
0.0
-0.3903
0.5423
0.0
0.1531
-0.3089
0.4767
0.0
-0.3089
0.0
0.0
0.128
0.2732
0.0
0.5023
-0.3818
-0.4926
0.4019
0.5435
0.3182
-0.357
0.6705
0.4929
0.4926
0.4019
0.8791
-0.2057
0.0
0.3612
0.5267
0.0
0.7783
0.5719
0.0
-0.296
0.0
0.4067
-0.7096
0.0
0.8217
0.0
0.0
0.4019
0.0
-0.6421
0.0
0.3612
-0.3561
0.3182
-0.357
0.6705
0.3612
0.0
0.7579
-0.34
-0.296
0.0
-0.3561
0.3182
-0.357
0.6705
-0.3561
0.3182
-0.357
0.6705
0.4939
-0.4153
0.3182
-0.357
0.6705
0.573
0.3182
-0.357
0.6705
0.0
-0.3561
0.3182
-0.357
0.8748
0.0
0.0
0.3802
-0.3561
0.3182
-0.357
0.6705
-0.3561
0.3182
-0.357
0.6705
-0.0258
-0.3561
0.3182
-0.357
0.6705
-0.3561
0.3182
-0.357
0.7918
-0.3561
0.3182
-0.357
0.6705
0.0
-0.128
0.4588
-0.3561
0.3182
-0.357
0.6705
0.3818
0.0
-0.3561
0.3182
-0.357
0.6705
0.0
0.0
-0.3561
0.3182
-0.357
0.8481
0.8625
0.0
-0.471
0.3182
-0.357
0.6705
0.0
0.3089
-0.2263
0.3291
-0.34
0.6249
-0.4215
-0.296
0.0
0.0
-0.5583
-0.0516
0.0
-0.1058
0.0
-0.631
0.5106
0.0
0.0
0.5267
0.144
-0.7163
0.3182
-0.357
0.6705
0.0
0.0
0.3089
-0.296
0.0
0.0
0.0
-0.34
-0.3089
-0.296
-0.08
0.34
0.2263
0.5574
-0.2702
-0.2411
-0.3561
0.3182
-0.357
0.6705
0.0
0.0258
-0.3561
0.3182
-0.357
0.6705
-0.34
0.0
0.4019
0.0
-0.3561
0.3182
-0.357
0.4753
0.0
0.4144
0.4404
-0.3561
0.3182
-0.357
0.6705
-0.3561
0.3182
-0.357
0.6705
0.0
0.0
0.0
0.0
0.1901
0.0772
0.4215
0.0772
-0.3561
0.3182
-0.357
0.6705
0.0
0.0
0.1068
0.4404
0.0258
0.0
-0.3561
0.3182
-0.357
0.6705
0.0
-0.4215
-0.296
0.4939
0.0
-0.3561
0.3182
-0.357
0.6705
0.234
0.0869
0.7345
-0.4588
0.0
0.3024
-0.1759
0.3182
-0.5242
0.0
-0.7067
0.3182
-0.357
0.6705
-0.6486
0.0
-0.481
-0.296
0.0
0.0
0.0
0.508
-0.4559
0.2023
0.4019
-0.3561
0.3182
-0.357
0.6705
-0.3561
0.3182
-0.357
0.6705
0.0
0.6124
0.0
-0.3561
0.3182
-0.357
0.6705
0.4019
0.0
0.0
0.5859
0.0
0.0
0.0
0.4404
0.128
0.0
0.2732
0.0
0.3182
-0.296
0.0
0.743
-0.1695
-0.1779
-0.3561
0.3182
-0.357
0.6705
0.0
0.0
0.6369
0.0
-0.1027
-0.3561
0.3182
-0.357
0.6705
0.6281
0.8689
0.0
0.0
0.296
0.0
-0.5067
0.3182
-0.357
0.6705
0.0
-0.2975
-0.2023
0.0
0.0
0.0
0.0
0.0
0.126
-0.1027
0.0
0.0
-0.1551
0.0
0.0
-0.3561
0.3182
-0.357
0.6705
0.0
0.6076
0.0
-0.3561
0.3182
-0.357
0.6705
0.0
0.2263
0.7269
0.0
-0.471
0.3182
-0.357
0.6705
-0.296
0.2263
0.0
0.3612
0.0
-0.4767
0.1582
0.6114
0.4215
-0.2263
-0.2263
0.0
0.0
0.0
0.0
-0.34
0.4019
-0.296
0.0
-0.3561
0.3182
-0.357
0.6705
0.4019
0.3182
0.5106
0.4019
0.2144
0.7574
0.5423
0.3182
0.0772
0.0
-0.3561
0.3182
-0.357
0.6705
0.0
0.2263
0.1779
0.1531
-0.3561
0.3182
-0.357
0.6705
-0.3561
0.3182
-0.357
0.7579
0.0
-0.3561
0.3182
-0.357
0.4939
0.0
0.0
-0.1793
0.8225
0.3182
-0.357
0.6705
-0.3561
0.3182
-0.357
0.6705
0.0
0.0
-0.4284
0.3182
-0.357
0.6705
0.0
0.0
-0.4019
0.0
0.6199
0.0
0.0
-0.68
-0.5367
-0.3561
0.3182
-0.357
0.6705
-0.3348
0.3182
-0.357
0.6705
0.6705
-0.1531
-0.2263
-0.4767
0.5859
0.0
0.0
-0.0258
0.0
-0.3561
0.3182
-0.357
0.8176
0.0
0.0
-0.4466
0.0
0.0
-0.3612
0.0
-0.3561
0.3182
-0.357
0.6705
0.0
0.5994
-0.6784
0.3182
-0.357
0.6705
-0.2263
-0.2905
0.3182
-0.357
0.6705
0.2263
-0.3491
0.3612
0.0
-0.1531
0.0
0.0
-0.0516
-0.3561
0.3182
-0.357
0.6705
0.0
0.3182
0.0
0.0
-0.6254
0.3182
-0.357
0.6705
-0.3561
0.3182
-0.357
0.6705
0.0
0.743
0.6124
-0.3561
0.3182
-0.357
0.6705
0.0
-0.1695
0.4019
0.6124
0.0
0.0
0.0
0.0
0.3382
0.0
0.2023
0.0
0.0
0.0
0.4215
0.3612
0.0
0.4215
-0.3561
0.3182
-0.357
0.6705
-0.3561
0.3182
-0.357
0.6705
0.4019
0.8331
-0.4574
0.0
-0.296
0.0
0.7269
0.296
0.4738
-0.4019
0.0
-0.2846
0.0
0.5267
0.0
0.4574
-0.3561
0.3182
-0.357
0.6705
0.0
