0.2023
0.7677
-0.1027
0.0
0.0
-0.4019
0.4019
-0.5423
0.0
0.0
0.6597
0.0
0.0
0.0
0.0
0.0
0.0
0.0
0.0
0.0
0.3612
0.0
0.0
0.0
0.0
0.3612
0.4118
-0.4019
-0.1027
0.0
0.0
0.0
-0.2411
0.2421
0.0
0.4995
0.5994
0.0
0.4745
-0.2235
0.3612
0.6908
-0.4767
-0.6705
0.4215
-0.3491
0.0772
0.5572
-0.5994
-0.3182
0.0
0.1779
0.0
0.0
0.0
0.0
0.4404
-0.296
0.0
-0.2023
0.5574
0.0
0.1406
0.0
0.0
0.0
0.7178
0.2062
0.25
0.3612
-0.1531
-0.343
0.34
0.4215
-0.2023
0.0
0.802
-0.128
-0.6355
0.0
0.9191
0.0
0.0
0.0
0.0
0.0
-0.2263
-0.4588
0.0
-0.2617
0.0
0.2023
-0.1977
0.2732
0.0
0.0
0.5994
0.0
0.0
0.0
0.9519
-0.6705
-0.3382
0.0772
0.0
-0.3736
0.3612
0.0
0.0
0.0
0.7783
0.0
0.0
0.1779
0.0
0.5994
0.0
0.0258
-0.481
-0.6579
-0.8126
0.1376
0.7921
0.7003
0.3612
-0.4019
0.0
-0.1646
-0.2584
-0.1531
0.0
-0.4767
0.9208
-0.3578
0.0
-0.1779
0.0
-0.0258
0.6249
0.0
0.3477
-0.4767
0.2023
0.3593
0.4404
0.0
0.4404
-0.1779
0.0
0.34
-0.7858
-0.4215
-0.4497
0.0
-0.3415
-0.6486
0.0
-0.2144
0.0
-0.5789
0.0
0.3182
0.3182
0.8955
0.0
0.0
0.128
0.0
0.0
0.4861
-0.2934
-0.4767
0.0
0.4215
0.0
-0.0516
0.0
0.3612
0.0
0.296
0.6597
0.0
-0.4588
-0.2023
-0.4215
0.4927
0.0
0.0
0.2023
-0.1511
0.4336
0.0
-0.2584
0.0
0.0516
0.6124
0.0
0.0
0.4215
0.4588
0.0772
-0.4497
0.6709
-0.4019
0.0
-0.0572
0.0
0.0
0.0
0.0
0.0258
0.0
0.0
0.1027
-0.5423
0.0
0.0
-0.296
0.0
0.8271
0.5859
0.0
0.0
0.6369
0.0
0.6249
-0.296
0.5023
0.0
-0.4215
0.4215
0.0
0.0
0.0
0.0
0.0
0.0
0.0
0.0
0.0
0.0
0.0
-0.4767
0.0
0.0
0.3612
0.7964
0.0
-0.34
0.4019
-0.2263
0.0
0.4215
0.0
0.0
0.0
0.5106
0.0
0.0
0.0
0.3182
0.4995
0.7783
-0.2732
0.8519
-0.7002
0.0
-0.5023
0.0
0.0
0.0
0.0
0.0
0.0
0.0
0.0
0.0
0.0
0.0
0.0
-0.6597
0.2023
0.0772
0.144
0.0772
0.4137
0.3899
-0.2263
-0.4215
0.6124
0.3694
0.6858
0.8244
-0.296
-0.0516
0.0
0.0
0.0
0.34
-0.2263
-0.6597
-0.5859
0.807
0.4767
0.0
-0.5719
-0.6124
-0.6449
0.0
0.0
0.0
0.0
0.0
0.0
0.765
0.0
0.4124
-0.2732
0.0
-0.5499
-0.4019
-0.5023
0.3089
0.0
0.6369
0.3818
0.0
0.0
0.0
0.7906
0.3612
0.0
0.0
0.0
-0.0258
0.0516
0.0
0.0
-0.717
-0.6369
0.0
0.4588
0.7964
0.7272
0.0
0.0
0.0
0.2732
0.2732
-0.2023
-0.222
-0.4767
0.8414
0.0
-0.296
0.0
0.2732
0.0
0.0
-0.4019
-0.4019
0.0
0.0
0.0
0.0
0.3612
0.0
0.0
-0.4019
0.3612
0.5574
0.3182
0.0
0.0
-0.25
0.2732
0.5106
0.0
-0.1531
0.0
0.1531
0.4215
0.858
0.0
0.3182
-0.128
0.25
0.0
0.6249
-0.296
0.25
0.0772
0.1154
0.0
-0.9209
0.0
0.0
0.0
0.0
-0.2263
0.0
0.0
0.0
0.4215
0.0
0.7506
0.0258
0.0
0.2263
0.6808
0.3919
0.0
0.0
0.0
0.0
0.0
0.3919
0.0
0.8765
0.5824
0.0
0.6135
0.1655
0.3716
0.0
0.7297
-0.4019
0.0
0.0
0.0
0.8543
0.694
0.0
0.0
-0.4019
0.4404
0.0
0.0
0.0
0.0
0.3182
-0.2648
0.0
0.3182
0.2263
0.0
0.0
0.2732
0.0
-0.3612
0.1027
0.6124
-0.4019
-0.4019
-0.1779
0.0
0.0
-0.3994
0.0
-0.0
0.0
0.34
0.0
0.0
0.0
0.0
0.0
0.0
0.0
0.0
0.0
0.0
0.0
0.0
0.0
0.0
0.0
0.0
0.0
0.0
0.0
0.0
0.0
0.0
0.0
0.0
0.0
0.0
0.0
0.0
0.0
0.0
0.0
0.0
0.0
0.0
0.0
0.0
0.0
0.0
0.2023
0.0
0.0
0.0
0.5023
0.8228
0.0
0.2263
0.0
0.0
-0.0096
0.0
0.0
-0.4588
0.0
0.0
0.0
-0.34
-0.6103
-0.3818
-0.2187
0.2481
0.3818
0.0
0.0
0.0
0.0
0.0
0.0
0.0
0.0
-0.5106
-0.25
0.3612
0.4201
-0.5267
0.5023
0.0
0.0
0.0
0.0
0.0
0.0
0.0
0.0
0.2023
0.0
0.0
0.0
-0.34
0.0
-0.4215
0.0
0.0
0.0
0.0
0.0
0.0
-0.34
-0.2263
0.0
0.0
0.0
0.0
0.0
0.0
0.0
0.0
0.0
0.0
-0.4404
0.0
0.0
0.1027
0.0
0.0
0.0
0.0
0.0
0.0
0.0516
0.0
0.0
0.0
-0.0129
0.1531
-0.6437
0.0
0.0
0.3612
0.2732
0.2732
0.3818
0.0
0.0
0.0
-0.2263
-0.5767
0.0
-0.4019
0.0
0.0
-0.2411
-0.2144
0.4926
-0.296
0.5367
0.0
0.0
0.0
0.0
0.0
0.3182
0.6381
0.0
0.0
0.0
0.0
0.0
0.0
0.0
0.0
0.0
0.0
0.0
0.0
0.0
0.0
0.0
0.0
0.0
0.0
0.0
-0.3449
0.6124
0.0772
0.0
0.3612
0.0
0.0
0.0
0.0
0.0
-0.4215
-0.296
0.0
-0.631
-0.3744
0.0
0.34
0.6124
0.0
0.0
0.0
0.2263
0.0
0.3818
0.0
0.0
0.0
0.3818
0.4019
-0.4019
-0.2023
0.0
0.4199
0.4019
0.34
0.0
-0.2023
0.34
0.0
-0.296
0.8265
0.5023
0.0
0.0
0.0
-0.2263
0.0
0.4215
-0.6124
0.9628
0.0
0.5859
0.0
0.0
0.0
0.0
0.0
0.0
0.5927
0.0
0.0
0.0
0.0
0.0
0.0
0.4404
0.6486
0.0
0.5574
0.7717
0.6908
-0.6322
0.0
-0.4767
0.0
0.0
0.6808
0.4669
0.0
0.0
0.0
0.0
0.1027
0.0
0.4466
0.7269
0.7579
0.0
-0.6597
0.3612
0.4767
0.5023
0.0
0.4019
0.0
0.0
0.0
0.0
0.0
-0.4215
0.3612
0.0
0.2584
0.1154
-0.1063
-0.4019
0.0
-0.3527
0.0
0.0
0.4019
0.0
0.4767
0.4404
0.0
0.3612
0.0
0.1603
-0.3716
0.4559
-0.4019
0.0
0.0
-0.4019
0.0129
0.0
0.0
0.0
0.1027
0.0
0.0
0.0
0.34
0.0
-0.296
0.0
0.3134
0.7059
0.5647
0.0
0.5574
0.2355
0.0
-0.4215
0.4019
0.0644
0.0
-0.296
0.4019
0.0
-0.2382
-0.4404
0.0
0.0
0.0
0.0
0.0
0.0
0.0
0.0
0.0
0.0
0.0
0.5719
0.222
0.1874
0.7506
0.0
0.0
0.6908
0.1531
0.0
0.0
0.0
-0.296
-0.8006
0.4199
0.508
0.3612
0.5106
0.0
0.8074
-0.5499
0.624
0.0258
0.0
-0.2846
0.0
0.0
-0.3076
0.9161
0.6249
0.0
0.6588
0.0
-0.5106
0.2235
-0.2912
0.0
0.0
0.0
0.0
0.0
0.0
-0.3566
0.0
0.0516
0.0
0.8625
0.0
-0.5267
0.0
0.3182
0.0
0.0
0.0
0.0
-0.7912
-0.2244
0.0
0.0
-0.2585
0.0
0.0258
0.34
-0.824
0.0
0.0
0.0
0.0
0.0
0.0
-0.34
0.0
0.0
0.3182
0.0
0.0
0.6705
0.0
0.6124
0.0
0.0
0.0
0.0
0.0
0.0
0.4449
-0.6486
-0.4314
-0.9392
0.34
0.0
0.0
-0.296
0.0
0.0
0.0
-0.5023
0.3818
0.0
0.0
0.0
0.0
0.0
0.0
0.0
-0.6169
0.0
0.0
0.34
0.4215
0.0
0.4215
-0.3736
0.6124
0.7717
0.3164
-0.6642
0.6908
0.3818
-0.5423
0.0
0.0
0.0
0.34
0.0
0.0
0.8353
-0.7882
0.296
0.0
0.0
0.0
0.0
-0.4767
0.296
0.0
0.0
-0.0516
0.3252
0.0
0.3612
-0.4606
0.0
0.0
0.0
0.8225
0.4215
0.4497
0.0
0.3612
0.0
0.0
0.0
0.4939
0.3182
0.2732
0.0
0.0
0.7096
0.1531
0.0
-0.4767
-0.701
0.4404
0.0
0.0
-0.34
0.0
0.0
0.0
-0.4118
0.6369
-0.34
0.0
0.25
0.0
0.0
0.0
0.0
0.34
0.34
0.0
0.0
0.4927
0.6124
0.0
0.4753
0.0
-0.1154
0.0
-0.1511
-0.1419
0.0
0.34
0.4588
-0.0056
0.0
0.5513
0.0
0.7351
0.4404
0.3744
0.6124
0.0
0.0772
0.0
0.0
-0.296
0.2023
0.0
0.0
0.5719
-0.2732
-0.8934
-0.8402
-0.765
0.0
0.0
0.5228
0.6597
-0.3612
0.0
0.0
0.0
0.0
0.0
0.0
0.0
0.0
0.0
0.3612
0.0
0.0
0.0
0.0
0.0
0.1779
-0.1326
0.1779
0.0
0.0
0.2023
0.0772
0.0
0.0
0.4194
-0.7178
-0.1761
0.0
0.0
0.872
0.5083
0.0
-0.2263
0.0
0.0
0.3612
0.0
-0.1779
0.0
0.0
0.0
-0.4019
0.0
0.3182
0.7734
-0.4019
0.7351
0.3612
-0.1449
0.4927
0.3612
0.4404
0.0
0.0
0.0
0.0
0.0
-0.765
-0.2695
0.0
-0.1843
-0.1531
-0.2187
0.3182
-0.2263
-0.0258
0.0258
0.5267
0.2263
0.8503
0.4404
0.0
0.0
0.0
0.0
0.0
0.0
0.0
0.0
-0.2732
0.7251
0.8007
-0.5106
0.2584
0.0
0.7906
0.0
0.2732
0.6249
0.0
0.0772
0.8658
0.608
0.4404
-0.3182
0.0
-0.2783
0.0
-0.296
0.0772
0.0
0.0
0.0
0.0
0.0
0.0
0.0
0.0
0.2732
0.0
0.0
0.296
0.5824
0.0
0.0
-0.1154
-0.4753
0.0
0.2617
0.0
-0.6808
0.0
0.2732
0.0
0.0
0.8126
0.5023
0.2732
0.0
0.0
-0.2732
0.0
-0.4767
0.1779
0.5267
0.1901
-0.4767
0.0
0.0387
0.34
-0.7579
0.4019
0.0
0.4215
0.0
0.0
0.0
-0.34
0.0
-0.34
0.4588
0.2732
0.25
0.2023
-0.5106
0.8126
0.0
0.0
0.3089
0.0
-0.5423
0.296
0.5242
0.0
-0.2411
-0.2023
-0.2023
0.0
0.088
0.024
0.2732
0.0
0.2584
0.0
0.0
0.0
-0.25
0.0
0.0
0.2023
0.0
-0.25
-0.296
0.6597
0.0
0.0
0.4019
0.8068
-0.5707
-0.1027
0.0
0.0
-0.2263
0.0
0.0
0.0
0.0
0.0
0.0
0.3182
-0.4767
-0.2411
-0.34
-0.2263
0.0
0.296
-0.631
0.3612
0.0
0.0
0.5473
0.0516
0.5191
0.296
0.0
-0.0516
0.0
0.5411
0.4497
0.8997
0.2023
0.5023
-0.2263
-0.1779
0.0
0.0
0.0
0.5984
-0.3017
-0.4019
0.0
-0.2411
0.0
0.0
0.0
0.0
0.0
0.0
0.0
0.0
0.0
-0.2263
0.0
0.2732
-0.296
0.4497
0.0
0.4767
0.6523
0.6474
0.4404
0.0
0.0
0.0
0.0
0.0
0.0
0.0
0.0
0.0
0.0
0.3182
0.5859
0.0
0.0
0.0
0.0
0.0
0.0
0.0
-0.5157
0.4019
0.0
0.0
-0.0772
-0.34
0.0
0.0
0.0
0.0
0.0
0.0
0.0
0.0
0.6361
0.5473
0.0
0.0
0.0
0.9601
0.4926
-0.4019
0.0
0.0
0.6697
0.7506
0.743
0.7351
0.296
-0.128
-0.128
0.5719
0.3182
-0.1027
-0.4767
-0.5859
0.079
0.1531
-0.5638
0.5267
0.0
0.3182
0.2732
0.0
0.296
0.0
0.0
0.2023
0.2023
0.0
0.0
0.0
0.0
0.0
0.0
0.0
0.0
0.0
0.0
0.0
0.2023
0.0
0.0
0.0
0.0
0.0
0.0
0.0
0.0
0.0
0.4215
0.0
0.0
0.0
0.0
0.0
0.0
0.0
-0.1531
0.6124
0.6124
0.3182
-0.0258
0.0
0.4215
0.2133
0.6124
0.1531
-0.631
0.0
0.4199
0.2878
-0.0516
0.2225
0.4215
0.0
0.0
-0.2023
0.0
0.7096
0.0
-0.4767
0.6808
0.0
0.0
0.0
0.0
0.0
0.3089
0.0
-0.305
0.0
0.714
0.0
0.8074
0.0
0.1045
0.0772
0.5473
0.0
0.296
0.6124
0.2263
0.0
0.3182
0.4939
0.34
0.0
0.0
0.0
0.0
0.0
0.0
0.2168
0.5994
0.296
0.0
-0.128
0.296
0.0
0.7506
-0.0724
0.3612
0.6818
-0.5994
-0.1779
0.6597
0.0
0.0
-0.6597
-0.0258
-0.296
0.0
0.0
-0.5499
0.5475
-0.4843
0.0
0.0
-0.5972
0.0
0.0772
0.296
0.296
0.4199
0.0
-0.2481
0.0
0.0
0.4678
0.6158
-0.6486
-0.1695
0.0
0.0
0.2732
0.0
0.0
0.0
0.0
0.0
-0.2648
0.0516
-0.4019
0.4019
0.0258
0.7328
0.0772
0.0387
0.784
0.5627
-0.7184
-0.7184
0.4019
0.7717
0.0772
0.2263
-0.2716
-0.0772
0.5893
0.0
0.4939
0.0
0.0
0.3182
0.4404
0.0
0.9149
-0.1779
0.0
0.3818
0.0
0.8599
-0.3182
0.0
0.5065
0.3612
0.1027
-0.4404
-0.6542
-0.0772
-0.6839
0.0
-0.6597
0.0
-0.4019
-0.2982
0.3182
0.0
0.3182
0.0
0.453
-0.7351
-0.4019
0.2731
0.4981
0.0
0.0
0.0
0.5859
-0.7269
-0.3612
0.6771
0.0
0.296
0.34
-0.481
0.0
0.0
-0.296
-0.34
0.886
0.0
0.3612
0.1531
0.0
0.8176
0.0
-0.3164
0.0
0.0
0.0
0.0
0.3612
0.0
0.0
0.0
0.0
0.0
0.0
-0.2144
0.7149
0.0
0.0
0.0
0.4404
0.0
-0.8499
0.0
0.0
0.0
0.3869
0.0
-0.296
0.0
0.0
0.4215
-0.4404
0.2732
0.6124
0.0
0.1265
0.4404
0.0
0.4404
-0.2558
0.0
0.0
0.0
-0.1779
0.0
0.0
0.6908
-0.4574
0.0
0.0
0.0
0.0
0.0
0.4939
0.1406
0.4215
0.0
0.0
0.0
0.0
0.0
0.0
0.0
0.0
-0.4404
-0.4019
0.0
-0.2783
-0.5994
0.0
0.4939
0.2732
0.0
-0.25
0.0
0.0
0.0
0.296
0.6808
-0.0516
-0.25
0.0
-0.5523
-0.0772
0.3818
0.5719
0.0
0.0
0.4939
0.0
0.0
-0.296
0.0
0.6588
-0.0531
0.9231
-0.5267
-0.5106
-0.6671
0.0
0.0772
0.0
0.0626
0.09
0.0
0.7351
0.7906
0.1779
-0.4019
-0.4019
0.4404
0.9311
-0.34
0.0
-0.4927
-0.296
-0.4019
-0.6776
-0.2718
0.0
0.0
0.0
0.0
0.6124
-0.2263
0.2732
0.0
0.3612
0.7096
-0.2263
0.6199
0.0772
0.3818
0.6588
0.0
0.0
0.0
0.0
0.0
-0.296
0.0644
0.0772
0.0
0.0
0.0
0.0
0.0
0.5106
0.3546
0.6495
0.0
-0.2732
0.0
0.0
0.0
0.0
-0.1531
0.0
0.6369
0.34
-0.5859
0.0
0.0
0.0
0.0
-0.4019
0.0
0.0
0.4199
0.0
0.0
0.0
0.0
-0.4767
0.0
0.4304
0.2617
-0.5719
-0.0516
-0.4019
0.5267
0.0
0.6249
0.0
0.34
0.765
-0.6124
-0.2263
0.144
0.0
0.3612
0.7184
-0.1326
-0.2263
0.0
-0.1531
0.0
0.0
0.3612
0.0
0.2732
0.3612
0.0
0.0
0.0
0.5859
-0.6249
-0.4767
0.0
0.5499
0.0
0.0
0.0
0.0
0.0
-0.5734
0.09
-0.5106
-0.5562
0.0
0.0
0.431
0.0
0.0
0.4019
0.0
0.0
0.0
0.0
0.0
0.0
0.0
0.0
0.0
0.0
0.4939
-0.6124
-0.5994
0.0
0.5574
0.6486
0.813
0.0
0.0
0.0
0.6249
0.0
0.4019
0.0
0.0
-0.357
0.4215
0.3182
0.0
0.0
0.3612
0.0
0.0
0.0
0.0
-0.91
0.6369
0.0
0.0
0.3182
0.0
0.0
0.0
0.0
0.0
0.0
0.1389
0.0
0.6908
0.0
0.0
0.7759
0.7569
0.0
-0.2263
0.0
-0.7184
-0.6124
0.4912
0.0
0.0
0.5719
0.0
0.0
0.0
0.0
0.0
0.0
0.0772
0.0
0.0
0.0
0.0
0.0
0.2023
0.0
0.0
0.0
0.0
0.0
0.0
0.0
0.0
0.3071
0.1779
0.4404
-0.4767
0.7469
-0.3491
0.7184
0.6593
-0.5423
0.4003
0.3612
0.2323
0.25
0.0
0.0
0.0
0.3612
0.0
0.4215
0.6249
0.0
0.6798
0.0
0.0
0.0
0.3612
0.0
0.4754
0.0
-0.3291
-0.4497
0.0
0.0
0.0
0.0
-0.4356
0.0
0.0
0.0
0.0
-0.34
0.0
0.0
0.0
0.0
0.0
0.3612
-0.2755
0.0
0.2023
0.9464
0.6249
0.4767
0.4926
0.25
0.0
-0.2263
-0.4404
0.34
0.899
0.7906
0.0
0.0
0.0
0.0
-0.6209
0.2263
0.0
0.0
0.0
0.0
0.0
0.8268
0.0
0.0
0.0
0.0
0.0
0.7184
0.0
0.0
0.0
0.0
0.8583
-0.296
0.0
0.0
0.25
0.0
0.0
0.0
0.3875
0.0
0.0
0.0
0.1625
0.0
0.0
0.0
0.0
0.0
-0.4215
0.0
0.0
0.0
0.0
0.0
0.0
-0.4497
0.3818
0.0
0.0
0.3182
0.6705
0.6597
-0.3289
0.4019
0.2263
0.7269
-0.1531
0.0
0.0
0.0
0.0
0.0
0.0
0.0
-0.1027
0.0
-0.5499
0.0
0.0
0.0
-0.204
0.0
-0.7003
-0.25
0.0
0.7482
0.4144
-0.2617
0.6749
0.0
0.0
0.5859
0.0
0.2023
0.0
0.296
-0.2732
-0.2023
-0.1531
0.3802
-0.0772
0.34
0.4939
-0.5766
0.0
-0.2353
-0.3252
0.4767
-0.4019
0.3802
-0.2732
0.0
0.0
0.0
0.0
0.1027
0.0
-0.3182
0.0
-0.3182
0.296
-0.0258
-0.0258
0.0258
0.0
0.0
-0.4019
-0.3182
-0.0516
0.8658
0.296
0.0
0.0
0.4019
0.4019
0.25
0.0
0.0
0.0
0.0
0.0
0.0
0.0
0.0
0.0
0.0772
0.0
0.0
0.4215
0.7998
0.5267
0.34
0.0
0.3612
0.5475
0.0
0.3612
0.0
0.3612
0.2732
0.7293
-0.0516
0.4588
0.5267
0.0
0.0
0.0
0.8807
-0.4404
0.0
0.5747
-0.2263
0.4215
0.7717
0.0
0.0
0.3382
0.0
0.5994
0.4588
-0.743
0.0
0.0
0.0
0.0
0.0
0.0
0.0
0.0
0.0
0.0772
0.0
0.4696
-0.4019
0.0
0.0
0.0
0.0
0.0
-0.4194
0.0
0.7096
0.5719
0.9559
0.3802
0.0
-0.2584
0.4019
0.0
0.5707
0.0772
0.1027
0.504
0.4404
0.0
0.2263
0.2023
0.0
0.2732
0.4497
0.8625
0.0
-0.629
0.6461
0.0
0.7184
-0.4356
0.3612
0.0772
0.0
0.8305
0.4588
0.8316
0.8442
0.789
0.0
0.0
-0.0258
-0.34
-0.5574
-0.3527
0.0
-0.3612
0.5423
0.2023
0.0
0.0
0.7184
-0.5175
0.0
0.0516
0.0
0.4753
-0.1531
0.3818
-0.2263
0.6854
-0.4767
0.0
0.0
0.0
0.0
-0.25
-0.2732
-0.4019
0.0
0.1531
0.5267
0.296
0.0
0.0
0.6124
0.0
0.0
0.0
0.0
0.0
0.0
0.0
-0.0772
0.0
-0.8139
0.0
0.0
0.0
0.0
0.0
0.0
0.0
0.0
0.0
0.0
-0.296
0.0
0.1531
0.0
0.0
0.0
0.0
0.0
0.0
0.0
0.0
0.0
0.0
-0.296
0.0
0.0
0.0
0.0
0.0
0.0
0.0
0.0
-0.4767
0.0
0.0
0.5562
0.0
-0.25
0.0
-0.5467
0.4199
0.2023
0.6015
0.0
0.0
0.0772
0.0
0.0
0.0
0.0772
0.0
0.0
0.0
0.0
0.0
0.0
0.0
0.7955
0.5413
0.3367
0.0
0.0
0.0
0.0
0.0
-0.6652
0.0
0.0
0.0
0.0
0.0
0.0
0.0
0.0
0.7405
0.0
0.0
0.4939
0.0
0.0
0.0
-0.2732
0.0
0.1531
0.0
-0.34
0.0
0.6249
-0.1027
0.0
0.6124
0.0
0.0772
-0.4767
0.0
-0.1326
0.0
-0.0258
0.0
0.8478
0.4215
-0.2225
0.4019
0.0
0.0
0.0
0.0
0.0
0.34
0.3818
0.2023
0.0
0.0
0.0
0.0
0.0
0.0
0.0
0.8957
0.6868
0.6369
0.5992
-0.4404
0.4215
0.1027
0.1779
0.6904
0.4003
-0.1603
0.0
0.5719
0.0
0.0
0.0
0.0
0.0
0.0
0.0
0.0
0.3182
0.0
0.0
0.0
0.3182
0.0
0.0516
-0.4588
0.0
-0.3412
0.3612
0.743
-0.5878
-0.4215
0.0
0.0
-0.1027
0.0
0.1901
0.3353
0.4926
0.3923
-0.2263
-0.2023
0.3182
-0.6973
-0.4019
-0.4019
-0.4019
-0.4019
0.0
-0.9999
0.0
0.0
0.0
0.0
0.0
0.0
0.0
0.6124
0.2714
0.1027
-0.296
0.0
-0.1027
0.204
0.2584
-0.296
0.0
0.0
0.0
0.5781
0.4215
0.0
0.0
0.0
0.9076
0.0
0.0
0.0
0.0
0.0
0.0
0.0
0.4404
-0.4019
0.0
0.6996
0.0772
0.5009
-0.286
0.0
0.0
0.0
0.0
-0.2732
0.0
0.0
0.0
0.2579
-0.128
0.0
-0.4019
0.0
-0.0191
0.0
-0.1154
0.3612
-0.0772
-0.1759
-0.4005
0.0
0.6553
-0.5859
0.7506
0.0258
0.0
-0.7684
-0.5562
0.0
0.0
0.0772
-0.2263
0.4559
0.1027
-0.2023
0.0
0.0
0.0
0.0
0.0
0.4215
0.0
0.0
0.0
0.0
0.4939
0.0
0.0
-0.6546
-0.8126
0.4215
0.4019
0.0
0.2648
-0.4019
0.9607
-0.3875
0.1494
0.0
0.0
0.0
0.0
0.6486
0.0
0.0
0.705
0.0772
-0.4019
0.0
0.0
0.0
0.2846
0.5983
0.0
0.0
0.5092
0.088
-0.0258
0.0
0.8126
0.3818
0.0
0.0
0.0
-0.4215
0.0
0.0
0.3612
0.0
0.327
-0.7507
0.0
-0.4019
0.0
0.0
0.3612
0.0772
0.0
0.0
-0.4389
0.0
0.0
0.0
0.2023
0.0
0.0
0.0
-0.1531
-0.0772
0.0
0.0
0.5994
0.0
0.0
0.0
-0.296
0.0
0.0
0.0
-0.3597
-0.5037
0.0
0.0
0.0
0.0
0.0
0.0
0.0
0.0
0.0
0.164
0.0772
0.0
0.8252
0.6124
-0.5267
0.0
0.1531
-0.296
0.3612
0.6204
0.0772
-0.631
0.0
0.0887
0.3724
0.0
-0.7081
0.7118
0.0
0.0
0.0
0.0
0.0
-0.34
0.0
-0.4019
0.0
0.0
0.0
0.0
0.0
0.0
-0.4939
0.6124
0.0
0.0
-0.2057
0.1759
0.7906
-0.5267
0.0
0.128
0.0
0.0
0.0
0.0
0.0
0.0
-0.2263
0.0
0.0
0.0
0.0
-0.2714
0.1779
0.0
-0.3612
0.0
0.0
0.0
0.0
0.0
0.0
-0.296
-0.34
-0.9042
0.7783
0.4184
0.0
0.0
0.0
0.0
0.0
0.5994
0.4888
0.2023
0.2732
0.7835
0.7469
0.7003
0.0
0.2244
-0.2263
0.4614
-0.4019
-0.1779
0.4215
0.0
0.0
0.0
-0.8294
0.0
-0.2732
0.0
-0.4019
-0.2411
-0.6679
-0.4019
0.6705
0.4404
0.0
0.1761
0.2732
-0.3971
0.594
0.0
-0.34
0.5857
0.2732
0.0
0.4559
0.0
0.3182
0.34
0.0
0.0
0.0
0.0
0.0
0.0
0.0
0.0
0.0
0.0
0.0
0.0
0.0
0.0
0.0
0.0
0.3612
0.1901
0.0
0.0
0.0
0.5859
0.0
0.0
0.0
0.5859
0.0
0.0
0.0
0.0
0.5439
-0.5106
0.0
0.0
-0.2023
0.0
0.0
0.0
0.0
-0.34
0.0
0.0
0.0
0.0
0.836
-0.1779
-0.2263
0.0
0.0
0.0
0.7757
0.0
0.0
0.0
-0.1531
-0.4215
0.0
0.0
0.455
0.4404
-0.1779
0.3612
0.2869
0.4588
-0.0772
0.7506
0.0
0.7351
0.5719
0.4767
-0.8765
-0.1154
0.0
0.0
0.0
0.0
0.0
0.2263
-0.4019
0.0
0.1406
0.0
0.2023
0.0
0.3612
0.0
0.0
0.0
0.0
0.0
0.0
0.7759
0.3818
0.0
0.0
0.0
0.0
0.1779
0.4329
0.296
-0.4201
0.3612
0.0
0.0
0.0
0.0
0.0
-0.0258
0.0
0.0
0.0
-0.6374
0.0
0.0
0.0
0.0
0.4215
0.4019
0.0
0.0
0.3612
0.0
0.0
-0.4215
-0.4019
0.4019
0.2617
0.0
0.6696
0.0
0.0
0.0
0.7184
-0.4019
0.0
0.0
0.0
0.0
0.4215
0.0
0.3612
0.0
0.0
0.0
0.0
0.4215
-0.4588
0.0
-0.0772
0.0
-0.1027
0.4003
-0.5994
0.2023
0.5362
-0.3182
0.7088
0.4939
0.5321
0.3612
0.7717
0.0
0.0
0.0
0.7425
0.4019
0.0
0.0
-0.34
0.703
0.0
0.0
0.0
0.0
0.0
0.7383
0.8922
0.0
0.0
0.3612
0.3612
0.4404
0.0
0.0
0.6369
-0.4019
0.0
-0.7269
0.0
0.5859
-0.4588
-0.9009
-0.636
0.0
0.0
0.0
0.0772
0.0
0.0
0.3384
0.0
0.0
0.0
-0.4168
0.0
0.0
0.6486
0.0
0.0
0.0
0.5719
0.0
0.0
0.0
0.296
0.34
0.1027
0.4995
0.886
0.0
0.0
0.0
0.0
-0.2263
0.3182
0.7845
0.0
0.0
0.6369
0.0
0.5186
0.0
0.0772
-0.4215
0.4767
0.0
0.0
0.0
-0.1154
0.765
0.3612
0.3182
0.5919
0.0
0.0
-0.4767
0.8268
0.0
0.2869
-0.7861
0.0
0.0
0.296
0.0
0.0
0.4215
0.0
-0.1531
0.4003
0.0
0.9441
0.0
0.0
0.0
0.0
0.0
-0.6369
0.2885
0.0
-0.4767
-0.4019
-0.4153
0.0
0.0
0.0
0.0
0.0
0.212
0.0
0.0
0.128
0.0
0.0
0.0
0.0387
0.3089
0.9169
0.7579
0.4574
0.0
0.0
0.0
0.0
-0.1927
0.0
0.0
0.0
0.0
0.2023
0.0
-0.25
0.0
0.0
0.0
0.0258
0.0
0.0
0.3818
0.0
0.0
-0.6933
0.8832
0.0
0.0
0.7574
0.0
-0.2144
0.2714
0.0
0.0
0.3257
0.0
-0.2023
0.4215
0.6249
0.0
0.0387
-0.1779
0.0516
0.0
0.6249
-0.3182
0.0
0.0
0.7767
0.4939
0.0
0.0
0.1779
0.0
0.3612
0.0
0.0
0.0
0.0
0.0
-0.4965
0.5095
0.3774
0.0
0.0
-0.4215
0.128
0.0
0.0
0.0
0.0
0.0
0.0
0.0
-0.6486
-0.1531
0.0
0.4926
0.4019
0.4005
0.0
0.0
0.0
0.0
0.0258
0.4754
0.0
0.8481
0.7845
0.0
0.3182
0.0
0.0
0.0
0.0
0.0
0.0
0.1027
0.5267
0.0
-0.7096
0.0
0.0
0.2732
0.296
-0.34
0.0
0.0
0.2714
0.0
0.2714
-0.2411
-0.3491
0.0
0.0
0.0
0.0
-0.1239
-0.6705
0.2975
0.2732
0.0
0.1386
0.0
-0.0941
0.0
-0.2732
0.0
0.296
0.3002
0.0
0.0
0.0
0.0
0.0
-0.3182
0.0
0.0
0.0
-0.296
0.0
0.296
0.296
0.296
0.0
-0.8169
0.0
0.0
0.0
0.296
0.1027
-0.34
0.5719
-0.2516
0.0
0.4019
0.0
0.0
0.0
0.0
0.2732
0.25
0.0
-0.7559
0.1935
0.0
0.0
0.7707
0.2714
0.8622
0.8271
0.7364
0.0
0.6801
-0.25
0.0
0.0
0.0
0.2382
-0.7184
0.631
0.5824
0.0516
0.0
-0.4767
0.8658
-0.2714
0.0
0.0772
0.0
0.2263
0.6361
-0.2477
0.296
0.8402
0.4404
0.34
0.0
0.0516
0.8126
0.7762
0.2168
0.0
0.0
0.4199
0.4574
0.2023
-0.5983
0.0
0.0
0.1531
0.1531
0.5267
0.3716
0.7444
0.0
0.0
0.8949
0.0
-0.6117
0.6767
0.3595
0.0
0.0
0.3818
0.0
0.5411
-0.6249
-0.5423
0.0
-0.8271
-0.7003
0.7506
0.296
0.4215
0.0
0.0
-0.481
0.0
0.0
0.0
0.0
0.2023
0.0
0.0
0.0
0.0
0.0
0.0
0.0
0.0
0.0
0.0
0.0
0.0
0.8126
0.0
0.0
0.34
0.0
0.0
0.0
0.0
0.0
0.4404
0.8271
0.4588
0.6007
0.8943
-0.6486
0.0
0.0
-0.3353
0.0
0.316
0.0258
0.0
0.0
0.6124
0.0
0.0
0.4215
0.0
0.4019
0.8339
-0.9153
0.4201
-0.5106
0.7337
-0.5432
-0.5261
0.0
0.0
-0.1027
0.0
-0.296
0.3382
0.0
0.0
0.0
0.6369
0.7525
0.4111
0.4926
0.0
0.0258
0.0
0.0
-0.2144
0.2732
0.399
0.0772
-0.4215
0.0
0.0
0.0
0.2732
0.0
0.4215
0.34
0.0
0.4019
0.0258
0.4215
0.4215
0.6808
0.4215
0.0
0.0
0.0
-0.2263
0.1779
0.0
0.0
0.0
0.0
0.0
0.0
0.0
0.0
0.0
0.0
0.0
-0.5709
0.0
0.0
0.0
0.0
0.0
0.0
0.0
0.0
0.0
-0.0449
0.0547
0.0
0.0402
0.3818
-0.2263
0.0
0.0
-0.1027
0.0
-0.6339
0.0
-0.2263
-0.5837
0.5927
0.128
-0.1779
0.5588
0.0
0.0
0.4144
0.3612
0.2144
0.0772
0.4019
-0.1513
0.0
0.5563
0.3506
0.3804
0.964
0.0
0.0
0.0
0.0
0.0
0.0
0.0
0.0
-0.296
-0.128
-0.6908
0.5423
0.3257
-0.4404
-0.4031
0.6249
-0.6652
0.0
-0.2263
0.2023
-0.2263
-0.4019
0.0
0.0
0.0772
-0.5859
0.0
0.0
0.0
0.0
0.25
0.0
0.0
0.0
0.0
0.0
0.0
0.0
0.0
0.0
0.0
0.1531
0.4588
0.0
-0.296
0.0
-0.7003
-0.4019
-0.4404
-0.4404
0.0
0.0
0.0
0.5574
0.6369
0.0
0.6351
0.0
0.7037
-0.872
0.0
0.3818
0.0
0.4574
0.0
0.0387
0.0
0.296
0.296
0.296
-0.296
0.0
0.3818
0.2598
0.6049
0.0
0.0
0.0
0.5023
0.0
0.0772
0.9643
0.0
0.2732
0.0
0.0
0.0
0.0
0.0
0.0
0.0
0.0
0.0
0.6124
0.3182
0.5719
0.0
0.0
0.5859
0.2263
0.0
0.3612
-0.5294
0.8442
0.0
0.0
0.0
0.0
0.0
0.5719
0.8403
0.0
-0.5574
0.6597
0.4019
0.0
0.3612
-0.3736
-0.34
0.5603
0.0
-0.4404
0.0
0.0
0.4767
0.0
0.0
0.0
0.0
0.5023
0.9443
0.0
0.4019
0.0
0.0
0.4019
0.0
0.0
0.4215
0.0
0.0624
0.0
0.0
0.0
0.0
0.4215
0.0
0.4019
0.4215
0.6597
0.6249
0.0
0.4215
0.0
0.0
0.0
0.0
-0.2263
0.1027
0.3612
0.2732
0.0276
0.7343
0.0
0.0
0.0
0.0
0.128
0.6486
0.3151
0.0
0.6705
0.4199
0.0
0.3612
-0.5104
0.0
0.1376
0.1154
0.0
0.0
-0.2204
0.2942
0.0
0.0
0.0
0.0
0.0
0.0
0.0
0.0
0.0
0.0
0.0
-0.3182
0.0
0.0
-0.296
0.0
0.0
0.0
0.3612
0.3612
0.0
0.6705
-0.1232
0.296
0.0
0.0
0.0
0.1027
0.3612
0.0
0.0
0.3802
-0.1779
-0.4019
-0.1531
-0.2122
0.0
0.4939
0.0
-0.2679
0.0
-0.4497
-0.4685
0.0
0.0
0.0
0.0
0.8016
-0.1621
0.296
0.0
-0.4019
0.0
-0.4767
0.0
0.0
0.5859
0.0
0.0
-0.296
0.0
0.0
0.0
0.0
0.3612
0.0
0.0
0.0
-0.3736
0.0
0.0
-0.2732
0.1419
-0.4329
0.0
0.0
0.0
-0.3818
0.0
0.0
0.0
-0.2509
0.0
0.0
-0.5255
0.0
-0.7562
0.0
-0.4836
0.0
-0.6838
0.3919
0.4404
0.2732
0.8205
-0.1154
0.0
-0.128
0.6249
0.3612
0.0
-0.7184
0.2732
0.0
0.0
0.0
0.0
0.4019
0.4215
0.2023
0.0
0.4019
-0.1779
0.0
0.0
0.7498
-0.2053
0.0
0.0
0.0
0.0
0.3612
0.0
0.0
0.0
-0.4019
-0.2387
0.2057
0.6597
-0.631
0.0
0.0
-0.2144
0.0
-0.4767
0.4019
-0.7003
0.9159
0.2732
0.0
0.0
0.1027
0.0
0.0
-0.2411
0.0
0.0
-0.8658
0.6369
0.595
0.0
0.5439
0.0
0.0
0.0
0.0
0.0
-0.3612
0.5423
-0.3724
0.0
0.0772
0.9032
0.0
-0.2651
0.3612
0.0
0.0
0.9768
0.7717
-0.4404
0.0
0.0
0.2263
-0.3515
0.0
0.0
0.0
0.0
0.2481
-0.343
0.0
0.0
0.0
0.0
0.0
0.0
0.0772
0.0
0.0
0.0
-0.8271
0.0
0.7615
0.0
0.7783
0.0
0.0
0.0
0.0
-0.3566
0.0
0.0
-0.3182
0.296
0.0
0.0
0.0
0.6093
0.296
-0.2732
0.0
0.2732
0.2732
0.0772
0.0
0.0
0.0
0.3802
-0.7184
-0.7184
0.0
0.0
0.0
0.34
-0.2144
0.0
0.3382
0.0
0.0
0.0
-0.7675
0.0
0.0
0.0
0.0
-0.34
-0.5106
0.3089
0.0
-0.4588
0.0
0.0
0.0
0.0
0.0
0.4939
0.0
0.0
0.0
0.0
0.0
0.0
0.5562
0.2732
-0.0258
-0.8442
0.0
0.2732
-0.2846
-0.128
0.0
0.0
-0.1531
0.3182
0.2732
0.1027
0.0
-0.5106
0.0
0.0
0.0
0.3612
0.0
0.0
0.0
-0.1531
0.0
0.0
0.0
0.0
0.0
-0.2732
0.0
0.0
0.0
-0.2732
0.0
0.0
0.0
0.2846
0.4215
-0.8271
0.0
-0.8271
-0.0772
0.0
0.6249
0.2709
0.3612
-0.4902
0.2023
0.0
0.9862
0.0
0.0
-0.4215
-0.3182
0.1779
0.0
0.6597
0.7847
0.0
0.0
0.0
0.3182
0.0
0.0
0.4199
-0.4019
-0.6808
0.0
0.0
0.0
0.0
-0.0258
0.0
0.0
0.2325
0.4588
0.4767
0.4574
0.0
0.0
-0.4019
-0.5267
-0.5994
0.0
0.2732
-0.4939
0.0
0.0
-0.506
-0.5574
0.0
-0.4404
0.5859
-0.296
-0.4019
-0.8126
-0.4767
-0.7579
0.0
0.0
0.0
0.2023
0.0
-0.0516
0.0
0.2144
0.0
0.0
0.0
0.0
0.0
0.4215
0.34
0.4019
0.0
0.5719
0.7959
0.0
0.0
-0.1531
0.0
0.34
0.0
0.3947
0.0
0.0
0.0
0.0
0.2023
-0.4215
0.0
0.0
0.0
0.0
-0.296
0.0
0.0
0.0
0.0
0.4215
0.0
0.3612
0.9081
0.0
0.0
0.0
0.1531
0.0
-0.6114
0.0
0.0
0.0
0.0
0.0
0.0
-0.2235
0.0
-0.4588
0.0
0.0
0.0
-0.1531
-0.126
0.0
0.6597
0.5267
0.8381
-0.1312
0.6705
-0.4404
0.34
-0.3182
0.5719
0.9815
0.1154
0.0
-0.0572
0.2732
0.0
0.34
0.0
-0.3612
0.0
-0.5792
0.4767
0.7387
0.0
0.0859
0.0
0.0
0.0
0.0
0.2023
0.0
0.0
-0.1695
0.3182
0.0
-0.3089
0.8126
0.0
0.5499
0.0
0.0
0.0
0.0
0.34
0.5983
0.2023
-0.481
0.0
-0.3098
0.0
0.1027
0.3435
0.4404
0.0
0.0
0.0772
0.6705
0.0
-0.296
-0.3612
0.6249
0.4404
0.0
0.0
0.0
0.3291
-0.016
0.4501
-0.6114
0.0
0.0
0.0
0.0
0.0
-0.3595
-0.0258
0.0
0.0
0.0
0.34
0.3818
0.0
0.0
0.0
0.0
0.0
0.0
0.2996
0.0
0.4215
0.3612
0.7916
0.0
0.3612
0.0
-0.4576
0.0
0.0
0.5423
0.0
-0.1531
0.0
0.0
0.0
0.0
0.079
0.0772
0.1759
0.2846
-0.4215
0.0
0.0
0.0
0.0
-0.0516
0.0
0.2023
0.0
-0.0516
0.0
-0.5423
0.0
0.0
0.0
-0.5574
0.0
-0.0431
0.0
0.0
0.3612
0.0
0.2023
0.9617
0.0
0.0
0.0
0.4019
0.0
0.9647
0.0
0.0
0.0
0.0
-0.296
0.0
-0.9049
-0.34
-0.4574
0.4404
0.3182
0.4199
0.3182
0.0
0.1027
0.9836
-0.4767
0.0
0.0
0.0
0.0
0.0
0.0
0.0
0.2023
0.0
0.0
0.0
0.0
0.0
0.0
0.0
0.0
0.0
-0.34
0.0
0.6949
-0.1027
0.0
0.7476
0.0
0.0
-0.6031
0.0
0.0
0.0
0.0
0.2732
0.2732
0.0
0.0
0.7579
0.8458
-0.0018
0.7096
0.0
0.0
0.0
-0.0258
0.0
-0.5338
-0.4033
0.0
-0.4019
-0.4019
0.0
0.0
0.4466
0.2732
0.0
0.0
0.0
0.4215
0.3612
0.4926
0.0
0.0
0.25
0.0
0.0
-0.4019
0.8804
0.0772
0.2732
0.3919
-0.2732
0.0
0.0
0.0
0.0
-0.128
0.0
0.0
0.0
0.34
0.4019
0.4574
-0.4215
0.0
0.0
0.0
0.0
0.0
0.0
0.0
0.0
-0.4404
0.0
0.3612
0.0
0.0
0.0
0.1139
0.7248
0.0
0.0
0.0
0.0
0.0
-0.2584
0.0
0.0
0.1779
0.0
0.6353
0.0
0.3612
0.0
0.0
0.0
0.0
0.0
-0.4614
0.1779
0.0
0.2023
0.0
0.0
0.2003
0.9272
0.3818
0.5719
0.6361
0.34
0.0
0.0
0.0
0.0
0.0
0.0
0.0
0.9891
0.9921
0.0
0.0
0.0
-0.3919
0.0
-0.3491
0.0
0.2023
0.1901
0.0
0.0
0.0
0.3612
0.0
0.9997
0.0
0.0
-0.1779
0.0
0.0
0.0
0.4019
0.4019
-0.3182
-0.4019
0.0
-0.4019
0.0258
0.0
0.0
0.0
0.0
0.1406
-0.296
0.4215
0.0
0.2732
0.6124
0.0
-0.2263
-0.4199
-0.4019
0.3612
0.0
-0.0516
0.0
0.0
-0.1027
0.6124
0.8201
-0.2382
-0.3612
0.0
0.0
0.4404
0.4404
0.4404
-0.1263
0.0
0.0
-0.4019
-0.5789
0.0
0.0
0.3182
0.6124
0.4497
-0.4138
0.5574
0.34
0.0
-0.34
0.0258
0.0
0.0
-0.0772
0.0
-0.0864
0.0
-0.0772
0.0
0.6448
-0.3869
0.6696
0.0
-0.7711
0.0
0.0
0.5423
-0.2057
0.0
0.0
0.0
0.0
-0.0772
0.296
0.0
0.0
0.0
0.0
-0.4404
-0.2263
0.6369
0.0
0.0
0.4201
0.0
-0.4973
0.2862
0.0
0.0
0.0
-0.296
0.0
0.3182
0.5499
0.0
0.0
0.0
-0.7597
0.0
0.0
0.0
0.0
0.0
0.0
0.0
0.0
0.34
-0.459
-0.228
0.0
0.0
0.0
0.5719
0.34
0.34
0.34
-0.296
0.0
0.0
0.0
0.0
0.0
0.0
-0.4404
0.4767
-0.6906
0.0
0.7003
0.0
0.0387
0.5023
-0.2617
-0.3089
0.0
-0.481
0.836
0.0
0.2023
-0.2263
-0.34
-0.4019
-0.0772
-0.0544
0.0
0.0
0.0
0.0
-0.4153
-0.3676
0.6369
0.1291
0.0
0.0
0.54
0.2023
0.0
-0.2789
-0.4767
0.5707
-0.4767
-0.4633
0.0
0.0
-0.369
-0.0772
0.0
0.0
0.8481
0.6696
0.8213
0.3612
0.0
0.539
-0.4088
0.0
0.0
0.7964
0.0772
0.2732
-0.1779
0.2905
0.0
0.0
-0.7088
0.0
0.0
0.0
0.0
0.5994
0.5645
-0.8674
0.0
-0.128
0.0
0.2023
0.0
0.0
0.0
0.4019
0.0
-0.5423
0.0
-0.4767
0.0
0.2716
0.4404
-0.5423
-0.5423
0.0
0.3612
0.0
0.2023
0.0
0.0
0.4019
0.0
0.0
0.0
-0.1531
0.7089
0.0
0.0
-0.3412
-0.7343
0.0
0.0
0.0
0.0
0.0
0.0
0.0
0.0
0.0
0.4019
0.0
0.0
0.0
-0.4404
0.0
0.2023
0.3182
0.0
0.0
-0.4019
0.0
-0.1531
0.0
0.0
-0.4019
0.0
-0.4019
0.0
0.0
-0.4019
0.0772
0.5719
0.0644
-0.3252
0.0
0.0
0.0
-0.4019
0.0
0.0
0.765
0.0
0.0
0.0
0.0
0.0
0.0
0.2263
0.0
-0.4404
0.0
0.3612
-0.4019
0.4588
0.0
0.0
-0.2023
0.7684
0.5452
0.0
0.0
0.0
0.0
0.0
0.0
0.6249
0.3612
0.0
-0.7184
0.5411
0.1027
0.0
0.0
0.0
0.0
0.0
0.0
0.4215
-0.2846
0.0
0.0
0.0
0.0
0.088
0.0
0.0
-0.4019
0.0
-0.3769
0.6467
0.2023
-0.0531
0.0
0.0
-0.4019
0.1531
0.4404
0.1927
0.6239
-0.4867
-0.4939
-0.2732
0.4404
0.0
0.0
0.0
0.0258
0.0
-0.481
0.0
0.0
-0.296
0.0
0.3182
-0.4184
0.0
-0.296
0.0
0.0
0.0
0.2023
-0.4215
-0.8591
0.0
0.3612
0.0
0.0
-0.1531
-0.0772
0.5423
0.0
0.0
0.8807
0.2732
0.0
0.2732
0.0
-0.0258
-0.3182
-0.4019
0.0
0.3182
0.0
0.0
0.0
0.0
-0.296
0.0
0.3182
0.0
0.0
0.0067
0.3919
-0.568
0.0
0.0
-0.1429
0.2714
0.889
0.0
0.0
0.7739
0.5574
0.0
0.0
0.0
0.0
-0.4039
0.9218
0.4019
0.3612
0.75
0.3182
0.0
0.0
-0.4019
0.0
-0.6025
0.0
0.0
0.3744
0.0
-0.296
-0.4019
0.0
0.0
0.6959
-0.4927
0.0
0.0
0.0
0.7901
0.7862
0.6244
0.3595
-0.1675
0.3612
0.5187
0.0
0.0
0.0
0.2263
0.0
0.5859
-0.4874
-0.5849
0.0
0.0
0.0
0.0
0.0
0.0
0.0
0.0
-0.4019
-0.7096
0.7222
0.923
0.0
0.4215
-0.7351
0.0
-0.8402
0.0
0.5106
0.4215
0.0
-0.5106
0.0
0.0
0.0
-0.4141
0.6172
0.0
0.0
-0.296
0.5995
0.0
0.0
-0.6486
0.9304
0.0
-0.481
0.2263
-0.1531
0.0
0.0
0.0
0.5972
0.0
0.4019
0.0
0.765
0.0
0.0
0.0
0.0
0.1901
0.4696
-0.4215
-0.3182
0.0258
0.34
0.9131
-0.2127
0.0
-0.4404
0.0
0.0
0.5113
0.81
-0.25
0.7712
0.0
0.34
-0.3971
0.0
0.0
0.7964
0.5209
0.5106
0.4118
0.0772
-0.4098
0.7427
0.3182
0.3612
0.6124
0.4926
0.0
0.0
0.0
-0.4559
0.5023
0.0
0.0
0.0
0.0
0.0
0.0
0.0
0.0
0.0
0.3818
0.0
0.0
0.0
0.0
0.0
0.0
0.0
0.0
0.296
-0.1531
0.3595
0.7717
0.4215
0.0
-0.25
0.3089
0.0
0.0
0.2924
0.836
0.8895
-0.4019
-0.2924
0.0
0.0
0.4019
-0.126
0.6478
-0.3182
-0.4023
0.0
-0.6948
-0.4019
-0.296
0.8481
0.0736
0.1531
-0.4137
0.0
-0.1666
0.2732
0.5719
0.4019
-0.4215
0.0
0.0
0.0
0.6486
0.0387
0.2549
-0.501
0.0
0.0
0.0
0.0
0.0
0.0
0.0
0.0
0.0
0.2023
0.0
0.1027
0.0
0.3818
-0.1695
0.3869
0.2144
0.4926
0.0
0.0
0.4389
0.3612
-0.5707
-0.4767
-0.2732
-0.765
-0.7034
-0.2732
0.0
0.25
0.0
-0.34
-0.2732
0.0
0.0
-0.3919
0.7691
-0.296
-0.34
0.0
0.6249
-0.6124
0.0
-0.1027
0.7469
0.4199
0.25
-0.8549
0.0
0.0
0.8805
0.0
0.0
0.0
-0.296
0.1027
-0.1695
-0.5296
0.2263
-0.5574
0.0
0.0
0.0
0.0
0.0
0.0
-0.0191
0.0
0.0
0.1511
-0.5267
0.0
0.0
0.0
0.0
0.0
0.0
0.0
0.0
-0.4019
0.0
0.0
0.5837
0.8516
0.0
0.6908
0.0258
0.3595
0.0
0.0
0.0
0.0
0.0
0.2732
0.296
0.34
0.2584
0.0
0.0
0.0
0.7783
0.0
0.0
-0.4019
0.4857
0.0
0.6369
-0.296
-0.4019
0.0
-0.555
0.7184
0.0
0.5719
0.0
-0.501
0.0
-0.1901
-0.8309
0.0
0.0
-0.2023
0.0
0.0
0.7458
0.2714
0.4559
-0.3274
0.0
0.0
-0.1027
0.0
0.0
0.0
-0.296
0.0
0.0
-0.4767
0.3182
0.0
0.0
0.0
-0.4019
0.0
0.0
0.3612
0.0
0.0
0.1779
0.4215
-0.6526
0.34
0.0
0.0
0.5511
-0.4019
-0.34
-0.4574
0.0772
0.0
-0.0258
0.0
0.3818
0.4215
-0.4854
0.0
-0.69
0.0
0.0
0.1154
0.0
0.0
0.0
-0.1027
-0.34
-0.34
0.3089
-0.0516
0.6956
0.3818
0.0
-0.0772
0.0
0.5023
0.6597
0.1027
0.5023
0.2023
0.0
0.4329
0.6369
0.0
0.0
0.3164
0.0
0.0
0.0
0.0
0.0
0.0
0.8105
0.0
0.5719
0.0
0.0
0.6457
0.8253
0.5983
0.0
0.631
0.7901
0.0
0.0
0.0
0.2732
0.2732
0.0
0.0
0.2363
0.5859
0.0
0.0
0.0772
0.7861
0.636
-0.296
0.6908
0.1154
0.3612
0.3612
0.0
-0.2263
0.3054
0.0
0.0
0.6597
0.0
0.0
-0.4019
0.0
0.0
-0.3071
-0.4482
0.0
0.0
0.2263
0.0
-0.4019
0.0
0.0
0.0
0.34
-0.1991
0.2481
0.0
0.0
0.25
0.0
0.5473
0.7162
-0.6124
-0.396
0.6158
0.7345
0.2023
0.0
0.0
0.4404
0.0
-0.4767
0.296
-0.0772
0.0
0.0772
0.0
0.0
0.1027
0.3595
0.0
0.6124
0.0
0.0
0.0
0.0
-0.1531
-0.5719
0.0
0.6249
0.0
-0.1779
0.0
-0.0595
0.3612
0.0
0.0
0.3182
0.3612
-0.5719
0.4703
0.5927
0.2382
0.0
-0.4767
0.3612
0.25
-0.1779
0.5423
0.5927
0.2776
0.2732
0.836
0.4019
0.3612
0.5267
-0.2411
0.8402
0.0
0.0
-0.2732
0.7184
-0.8105
0.0
0.0
0.0
0.0
0.4939
0.4404
0.2263
0.25
0.1154
0.0
0.569
0.4926
0.0
0.0
0.2732
0.2732
0.0
-0.508
0.0
-0.34
0.0258
0.692
0.0
0.4404
-0.4019
0.0
0.6988
0.34
0.8126
-0.3412
0.7269
0.0
0.0
0.2732
0.0
0.0
0.3182
-0.2599
0.0
-0.4019
0.0
0.0
0.0
0.0
0.3089
0.0
0.4767
0.0
0.0
0.0
0.0
-0.3182
0.0
0.3527
0.7959
0.4019
-0.0516
0.0
0.0
0.9042
0.0
0.2263
0.4939
0.0
0.4019
0.4574
0.0
0.4215
-0.6249
0.0
0.0
0.0
0.0
0.0
0.0
0.3818
0.1027
0.7579
0.4926
0.0
0.0
0.0
0.0
0.0
0.0
0.0
0.0
0.6369
0.34
0.0
-0.0419
0.4019
-0.0258
0.0
-0.3291
0.6808
0.0
0.0
0.0
0.4215
0.0
0.7499
0.8614
0.0772
-0.25
-0.5307
0.7088
0.5229
0.0
0.0
0.0
-0.2851
0.7906
-0.4019
0.6114
0.0
-0.7003
-0.4404
0.6486
0.5849
0.0
-0.2023
0.0
-0.7845
-0.4019
-0.705
0.1695
0.4927
0.0
-0.5256
0.0
0.4404
0.1511
0.0
0.4588
0.1531
0.0
0.0
0.6249
0.6908
0.0
0.0
0.0
0.0
0.0
0.0
0.0
0.0
0.0
0.0
0.0
0.4215
0.2732
0.0
-0.4549
-0.8336
0.0
0.3595
0.2695
-0.016
-0.2584
0.257
0.6523
0.6249
0.0
0.0
0.0
0.0
0.0
0.0
-0.296
0.0516
0.8762
0.3182
-0.6249
0.25
0.2023
0.0
0.3612
0.296
0.6124
0.0
0.0
0.3612
0.7494
0.4404
0.0
0.0
0.34
0.0
0.5106
0.0
-0.34
0.0
0.3182
0.8126
-0.5365
0.0
-0.5504
0.871
-0.8201
-0.2755
0.4939
0.4215
0.6588
0.0
0.0
0.7494
0.2732
0.5719
0.0
0.0
0.0
0.0
0.0
0.4588
0.6478
0.0
-0.4201
0.6696
-0.5886
0.7959
-0.2584
0.0
0.0
-0.4019
-0.4404
0.4753
0.4449
0.0
0.4576
0.0
0.0
0.4199
0.34
-0.4019
-0.481
-0.5994
-0.2144
0.3818
0.5719
0.6369
0.4588
0.0
0.3182
-0.5423
0.0
-0.5267
0.1901
-0.0258
-0.5423
0.2732
0.8459
0.8284
0.0
0.0
-0.1779
-0.2388
-0.4404
-0.4404
0.0
0.0
0.0
0.0
0.4404
0.0
0.0
0.0
0.0
0.0516
0.4728
-0.6486
-0.1027
0.2561
0.5267
-0.128
0.4019
0.7088
0.0
0.0
-0.5023
0.0
0.4939
0.8622
0.0
-0.296
-0.2263
0.3008
0.4019
0.0
0.0
0.0
0.0
0.0
0.8999
0.0
-0.2617
0.0
0.4215
-0.631
0.0
-0.0772
0.0
0.4033
-0.7783
0.4404
0.2263
0.0
-0.2023
0.0
0.6652
0.0
0.09
-0.357
0.0
0.0
0.3034
0.0
0.4019
0.4215
0.1531
0.0
0.0
0.4215
0.0
-0.3707
-0.5968
-0.4767
0.0
0.0
0.0
0.0
0.2023
-0.5023
0.0772
0.0
0.8588
-0.3903
0.0
0.0
0.0
0.0
0.34
0.0
0.2023
-0.296
-0.0516
0.0
-0.3182
0.0
0.0
-0.1386
-0.2223
-0.2646
0.0
-0.1603
0.0
0.6072
0.3612
0.6249
0.0
0.2023
0.0
0.7236
-0.5191
0.6124
0.0
0.0
0.0
0.0
0.0
0.1901
0.5023
0.296
0.5984
-0.4767
0.0
0.6908
0.2789
0.0
0.0
0.0
-0.6597
-0.4767
0.0
-0.1531
0.0
0.0
0.0
0.0
-0.128
0.2023
-0.3404
0.2803
-0.1027
0.4404
0.5267
0.9246
-0.612
0.1901
0.0
0.5053
0.2732
0.0
0.7003
0.3071
0.7876
0.2263
0.0
-0.4019
0.0
0.4019
0.4696
0.0
0.3612
0.8811
0.0
0.0
0.0
0.0
0.0
0.3612
0.0
0.6369
0.0
0.0
0.4019
-0.34
0.0
-0.296
0.0
0.6124
0.4215
-0.4019
0.0
0.0
0.09
0.2732
0.0
0.0
-0.4541
0.0
-0.0965
0.0
-0.296
0.0
0.0
0.1511
0.5848
0.0
0.0
0.0
0.0
0.807
0.8341
0.0
0.0
0.0
0.0
0.4215
0.6757
0.0
0.0
0.0
-0.2271
0.9463
-0.577
-0.5023
-0.0859
-0.2732
0.0
-0.1779
-0.296
0.0
0.0
-0.3612
-0.34
-0.34
0.0
0.5423
0.0
0.0
0.5423
-0.7543
0.0
0.0
0.0
0.0
0.0
0.4404
0.4738
0.0
0.9413
0.0
0.0
0.0
0.0
0.0
-0.7088
0.6249
0.1901
0.0
0.0
0.0
0.128
0.4404
0.0
0.0
-0.2244
-0.2714
0.6158
-0.3296
0.9017
0.0
-0.2467
0.6696
0.0
-0.3182
0.0
0.0
-0.4767
-0.5499
0.0
0.5707
0.4939
0.0
0.0
0.0
0.0
0.0
-0.6287
-0.1091
-0.0472
0.169
0.3182
0.0
0.3182
0.8008
0.0
0.0
0.0
0.0
0.6369
0.0
0.0
0.6808
0.0
0.7057
0.0
-0.3612
0.5228
0.4215
0.0
0.0
0.0
-0.296
0.0
-0.25
0.6808
0.7709
0.9144
-0.5345
0.3818
0.2263
-0.2023
0.0
-0.1779
0.2732
0.4404
0.34
0.6476
-0.0772
0.0
0.3612
0.0
-0.1779
0.0
0.0
0.0
0.0
-0.6124
0.0
0.0
0.5374
0.0
0.0
0.0
-0.4404
0.0
0.0
0.0
0.0
0.0
0.3612
-0.5423
-0.3182
-0.6597
-0.4019
-0.3716
0.0
0.0
0.0
0.0
0.0
-0.0258
0.5023
0.0
0.806
0.0
0.0
0.0
0.0
-0.2703
0.0
-0.4926
-0.4404
0.2023
0.2648
0.0
0.4215
0.0
0.0
-0.0258
0.0018
-0.5966
0.0
0.8748
0.7399
0.0
0.0
0.696
-0.1531
0.0
0.6124
0.6705
0.0
0.0
0.0
0.0
-0.0772
-0.34
0.6705
-0.2983
0.0
-0.2979
0.8313
0.4926
0.0
0.0
0.0
0.0
0.3818
0.0
0.0
0.0
0.6124
0.0
0.34
0.0
-0.1511
0.0
0.5389
0.0
0.0
0.2023
0.6623
0.0
0.0
0.0
0.3612
-0.4019
0.0
0.0
0.0
0.7579
0.8901
-0.4767
0.0
0.0772
0.0
0.0
0.0
0.0
0.0
-0.2924
0.0
0.0
-0.3612
0.0
0.0
0.0
-0.69
0.34
0.4926
0.4497
0.0
0.0
0.0
0.0
0.0387
0.0
-0.6124
-0.4019
0.2732
0.0
0.0
0.3612
-0.5696
0.0
0.0
0.0387
0.0
-0.6542
0.1027
0.2382
0.5411
0.0
0.0
0.2942
0.0
-0.5267
-0.4019
0.1779
0.0
0.1054
0.3818
0.0
0.0
-0.4767
0.0258
-0.722
0.6341
0.0
0.5574
0.0
0.765
-0.1779
-0.2023
0.0
0.0
0.3612
-0.296
-0.3732
0.0
0.0
0.3818
0.0
0.0
0.0
0.0
0.5423
0.0
-0.4019
0.0
0.0
0.0
0.0
0.0
-0.34
0.0
0.0
0.8324
0.8122
0.659
0.8839
0.0
0.0
0.0
0.0
-0.7096
0.0
-0.2411
0.2023
-0.1361
-0.4215
-0.1511
-0.515
0.0
0.7964
0.1779
-0.1759
0.0
0.4019
-0.5371
0.0
0.0
0.0
0.0
0.6369
0.0
0.0
0.2023
0.0
0.0
0.0
0.7003
0.0
-0.4767
0.0
0.8807
0.3818
0.0
0.0
0.0
0.0
0.0
0.0
0.2023
0.8122
0.8008
0.4199
-0.5499
-0.5499
-0.5538
-0.6759
0.0
0.0
0.0
0.0
0.0
0.0
-0.296
0.1372
-0.0772
0.0
0.2401
0.0
0.0
0.0
0.0
0.0
0.0
0.0
0.0
0.0
0.3612
0.3612
0.0
0.5321
0.0
0.2168
0.0
0.1901
0.0
0.0
0.0
0.0
0.0
0.0
0.8516
-0.4215
0.4003
0.34
0.1531
0.0
0.0
0.0
0.0
0.0
0.0
0.0
0.1561
-0.3089
0.8271
0.765
0.4728
0.0
0.6124
0.8582
0.6767
0.872
0.3612
0.9409
-0.4019
0.0
-0.2755
0.0
0.0
0.2023
0.0
-0.9859
-0.296
0.3071
0.0
0.0
0.0
0.0
0.0
0.0
0.4404
-0.296
0.0
0.0772
0.0
-0.5062
0.0
0.0
0.9819
-0.6553
-0.1779
0.0
0.2235
-0.296
0.0
0.0
0.0
0.0
-0.6597
0.34
0.938
0.1027
0.0
0.4404
0.0
0.0
0.0
0.0
0.0
0.0
-0.5927
0.0
0.8787
0.7906
0.0
0.0
0.4926
0.0
0.4215
-0.25
0.0
0.5904
0.5815
0.4101
-0.4019
-0.1531
0.0
-0.296
0.0
-0.296
0.25
0.3818
-0.1779
0.34
0.0
0.3899
0.0
0.0
0.0
0.0
0.2716
-0.1531
0.0
0.4389
0.2023
0.2235
0.4926
0.0
0.0
0.7712
-0.6124
0.4215
0.0
0.0
0.94
0.7901
0.9606
0.0
0.0258
-0.577
-0.5574
0.34
0.0
-0.2168
0.0
-0.3612
0.3612
-0.0772
0.0
0.7932
0.0
-0.4588
0.8338
-0.2263
0.0
0.4939
0.3612
-0.3736
0.0
-0.25
0.0772
0.7783
-0.4019
0.8442
-0.7592
-0.8239
0.0
0.34
0.0
0.5788
0.8347
0.0
-0.5267
0.3724
0.0
0.0
0.0
-0.7887
0.0
0.1027
0.4738
0.0
0.0
0.0
0.6187
0.0
0.0
0.0
0.0
0.2095
-0.2244
0.0
0.6705
0.0
0.0826
0.0
0.0
0.0
0.0
0.0
-0.2006
0.0
0.4215
0.4019
0.4854
0.0
-0.4404
-0.3291
0.4404
-0.4019
0.4404
0.0
0.0
0.0
0.0772
0.0
0.0
0.0
-0.4019
0.5848
-0.4761
0.0
0.0
0.0
0.0
0.0
0.0
0.0
-0.296
0.0
0.0
-0.6597
0.0
0.0
0.0
-0.4019
0.3818
0.0
0.0
0.0
0.0
-0.1531
0.9508
0.0
0.0
0.0
0.0
0.0
0.3612
-0.0772
0.4215
0.0
0.0
0.6059
0.1027
0.0
0.0
-0.7066
0.4215
0.7419
0.0
0.0
0.0772
0.5267
0.0
0.0
-0.4215
0.169
0.0
0.9037
-0.1695
0.0
0.0
-0.2023
0.0
0.0
0.8622
-0.636
0.7115
-0.25
0.0
0.0
0.2732
0.0
-0.638
0.0
0.0
-0.5574
-0.4574
-0.4404
0.4389
-0.1139
0.25
0.0
0.0
0.3919
0.2023
0.2211
0.0
0.5964
0.5719
0.0
0.0
0.2732
0.3382
0.0258
0.9657
0.0
0.4404
0.0
0.3595
0.0
0.958
0.0
0.4753
0.0
0.0
0.8625
0.2244
0.0
0.0
0.0
0.0
0.0
-0.296
0.3182
0.0
-0.296
0.0
0.1007
0.0
0.0
-0.4374
0.0
0.7763
0.0
0.0
0.0
0.0
0.0
0.7089
-0.25
0.7488
0.802
0.0
0.2023
0.0
0.3612
0.3818
-0.1531
0.0
-0.9173
0.2387
0.8217
0.0
0.6249
0.7955
0.4199
0.4754
0.7906
0.7574
0.5709
0.2732
0.0772
0.875
0.0772
0.6696
0.3716
0.0
0.6124
0.7845
0.0
0.7579
-0.296
-0.2644
-0.3359
-0.6652
0.0
0.0
0.0
0.0
0.0
0.3802
-0.6705
0.0
0.3182
-0.4215
0.3071
0.0772
-0.481
-0.9118
0.0
0.0
0.0
-0.1685
0.5574
0.6705
0.8481
0.9278
0.0
0.0
0.3314
-0.296
0.5106
0.0
0.4404
0.9745
-0.4404
0.0
0.0
-0.4767
0.3612
0.5267
0.3412
0.6114
0.0
0.0
0.0
0.0
0.0
0.0
0.0
0.4215
0.0
0.0
0.0
-0.296
0.0
0.34
0.4215
0.0
0.0
0.0
-0.4939
0.0
0.4482
0.0
0.0
0.0
0.7326
0.6486
0.743
0.4404
0.0
0.0
0.0
-0.2263
0.0
-0.4019
-0.296
0.0
0.3392
0.0
-0.3852
0.0
0.0
0.0
0.0
-0.5267
0.3612
0.0
0.3612
0.0
0.4215
0.0
-0.481
0.9402
0.0
0.3612
0.0
0.0
0.4767
0.0
0.0
0.4215
-0.3291
0.4927
0.0
0.1027
0.0
0.0
-0.1226
0.2023
0.4199
-0.4019
0.6093
-0.1007
0.4019
0.0
0.0
0.0
-0.7002
0.3612
-0.7003
0.3089
0.0
0.8442
0.8801
-0.9194
0.4926
0.0
0.0
0.0
0.0
0.0
-0.3182
0.3182
0.0
-0.4767
0.9513
0.0
0.0
0.0
0.0
0.0
0.4215
0.0
0.0
0.2023
0.2732
-0.1779
0.7906
0.3612
0.3612
0.802
0.0
-0.4019
0.0772
0.4404
0.0
0.34
0.0772
0.0
0.0
0.0
0.0
0.0
-0.2924
0.0
0.0
0.0
0.0
0.0
0.0
0.0
0.0772
0.0
-0.7269
-0.1695
0.7701
0.0
0.2846
0.5574
0.0
0.2846
0.5574
0.0
0.2846
0.8748
0.0
0.0
0.0
0.0
0.0
0.0
0.0
0.0
0.0
0.0
0.0772
-0.0572
-0.4003
-0.4019
0.0516
-0.6597
-0.1531
0.0
0.0
0.3382
0.0
-0.631
0.0
0.0772
0.126
0.0
0.0
0.0
0.0
0.0
0.0
0.0
0.3818
-0.296
0.0
0.0
0.4391
0.0
0.0
0.2732
0.0
0.0
0.2023
0.2023
0.0
-0.296
0.0
0.1027
-0.0516
0.0
0.0
0.0772
0.3182
-0.4019
0.0
-0.397
0.3612
0.4939
0.0
0.0
0.0
0.4404
0.296
0.0
0.34
-0.4019
0.5187
-0.34
-0.4574
-0.1387
0.0
0.3182
-0.5442
0.0
0.0
0.0
0.0
0.0
0.0
0.0
0.0
0.0
0.0
0.0
0.0
0.0
0.4939
0.0
0.2023
0.0
0.0
0.0
0.0
0.0
0.0
0.0
0.0772
0.6705
0.6597
0.533
0.0
0.0
0.4574
0.0
0.0
0.0
-0.1027
-0.8687
0.0
0.0
0.0
0.0
0.2714
0.0
-0.5574
-0.5859
0.5588
-0.3612
-0.7003
0.0
0.4927
0.0
0.1901
0.6792
0.5719
-0.4767
0.0
-0.5994
0.0
-0.296
0.0
0.0
-0.2263
0.0
0.0
0.0
0.8608
0.5919
0.8718
-0.4019
-0.684
0.0
0.0
0.0
-0.4019
0.5423
0.0
0.0
0.4574
0.2732
0.0
-0.5499
0.6199
0.0772
0.0
0.0
-0.1316
-0.0572
0.0
0.0
-0.3419
0.0772
0.0
0.0
0.0
0.0
0.0
0.4019
0.3089
0.0
0.2681
0.7783
0.891
0.6744
0.0
0.0
0.3818
0.0
0.0
0.0
-0.8555
-0.34
-0.2263
0.0
0.0
0.0
0.0
0.0
0.0
0.0
-0.6908
0.0
0.0
-0.4767
0.0
0.7845
0.0
0.0
0.0
-0.3182
0.0
0.0
0.4336
0.3818
-0.4767
0.4767
-0.3252
0.0
0.0
0.0
0.0
0.0
0.0
0.7351
0.0
0.0
-0.296
0.7906
0.1837
-0.296
-0.5625
0.0
0.0
0.2732
0.2484
0.3182
-0.1002
0.0
0.0
0.0
-0.228
-0.4767
0.0
0.2177
0.0
-0.296
-0.1232
0.0
-0.3595
0.0
0.0
0.0
0.0
-0.3595
0.5635
0.3612
-0.0258
0.5859
0.2023
0.3612
0.3612
0.0
0.0
0.6124
0.2732
0.7319
0.4215
0.0
0.0
0.0
0.0
0.0
-0.8807
-0.2732
0.0
0.0
0.0
0.0
0.0
0.0
0.0
0.0
0.0
0.0
0.0
0.0
0.0
0.0
-0.4767
0.0
0.0
0.6588
-0.296
0.6696
0.0
0.0
0.0
0.0
0.3182
0.0
0.8708
0.5969
-0.1779
0.0
0.0
-0.4019
-0.4019
0.0
-0.4019
-0.0258
0.0
0.9432
-0.3067
0.4926
0.4574
0.0
-0.6808
0.2023
0.0258
0.7096
-0.4767
0.0
-0.2023
0.9841
0.4019
-0.3291
0.3612
0.8713
-0.2411
-0.2617
0.128
0.624
0.4404
0.0
0.2023
0.0
0.0
0.0
-0.4574
-0.3182
0.0
-0.7684
-0.0516
-0.296
0.0
0.0772
0.2211
0.4497
0.8966
-0.4767
0.3612
0.0
0.8103
0.0
0.0
0.0
0.0
0.0
-0.481
0.1027
0.0
0.4019
0.5106
0.0
-0.6476
0.3939
-0.296
0.0
-0.2023
0.0
0.4199
-0.3147
0.1548
0.34
0.4404
-0.4753
-0.0772
-0.0018
0.0
0.0
0.0
0.0
0.296
0.0
0.0
0.0
0.1134
0.0
0.3167
0.7845
0.0
0.0
0.0
0.0
0.2023
0.0
0.0
0.0
0.0
0.765
0.6478
0.7713
0.631
0.0
0.0
0.0
0.6908
0.8934
0.5574
-0.9338
0.54
0.0
-0.2225
0.6369
-0.2263
0.0
0.0
0.0
0.296
0.296
0.0
0.8555
0.3612
0.8126
0.8126
0.0
0.4689
0.0936
-0.2584
-0.3244
-0.2023
0.0
0.4003
0.0
0.0
0.0
0.7845
0.4019
0.0
0.0258
0.0
0.0
0.0
0.0
-0.2732
0.3612
0.5095
0.0
0.0
0.0
0.0
0.664
0.0
0.0
-0.5574
0.9197
0.3802
0.0
-0.6007
0.0
-0.4003
0.0
0.0
0.1386
0.0
0.1779
0.5141
-0.3252
0.0
-0.4588
0.7346
0.0
0.0
0.0
0.4404
0.0
0.0
0.0
0.0
0.0
-0.743
0.6249
0.0
-0.4215
0.0
0.0
0.0
0.0
0.1027
-0.481
0.0
-0.6996
0.7783
0.0
0.0
0.0
0.0
0.0
0.2023
0.0
0.0
0.0
0.7424
0.4201
0.0
0.6705
0.5562
0.296
0.5106
0.0
0.5859
-0.4048
0.0
0.0
0.0
0.0
0.0
0.3612
0.0
0.0
0.4423
0.0
-0.3029
0.0943
0.5423
-0.2263
0.6597
-0.1779
0.0
0.6347
0.0
0.6369
0.0
0.34
0.0
-0.5994
0.2732
-0.9612
0.7783
0.5255
-0.4767
0.3612
-0.4404
0.5514
0.0
0.0
0.7579
0.0
0.0
0.0
0.1027
0.4939
0.4019
0.9379
0.0
0.0
0.0
-0.34
-0.0258
0.0
0.0
0.0
-0.0772
0.4404
0.3612
0.886
0.4404
-0.2023
0.0
0.0
-0.2023
0.34
0.5679
-0.296
-0.3612
0.2023
0.6486
0.0
0.5719
0.5023
0.0
0.2481
-0.2144
0.8126
0.0
-0.2263
0.3182
0.5349
0.8053
0.0
0.0
0.0
-0.296
0.0
0.0
0.0
0.3612
0.0
-0.296
0.6705
0.6249
0.9392
0.0
0.0
0.0
-0.7003
0.6996
0.0
0.0
0.0
0.0
0.0
0.0
0.0
0.0
0.0
0.0
-0.2732
0.3612
-0.4019
-0.3736
0.0
0.0
0.0
0.1027
0.0
0.0
0.0
0.0
-0.5255
0.0
0.2732
0.0
0.0
0.0
0.0
0.0
0.128
0.0
0.0
0.0
0.0
0.0
0.0
-0.3612
0.0
-0.4767
0.0
0.0
0.7717
0.0
0.0
0.0
0.0
0.0
0.0
0.0
0.0
0.3182
0.34
0.0
0.6808
0.0
0.6369
0.0
0.0
0.0
0.0
0.1808
0.7959
0.3182
0.0
-0.5499
0.0772
-0.4497
0.0
0.0
0.1655
0.0
0.0
0.0
0.0
-0.4574
-0.8957
-0.8825
0.6868
0.0
0.5859
0.0772
0.0
0.6124
0.2617
0.296
0.0
0.0
0.6705
0.0
0.4019
-0.1779
0.5423
0.0
0.0
0.1286
0.7783
-0.3412
0.0
0.6249
0.0
0.0
0.7579
0.0
0.0
0.0
-0.3509
0.34
-0.4019
-0.4019
0.9586
0.6705
0.0
0.0
0.0
0.0
0.0
-0.34
0.0
-0.481
-0.481
0.4215
0.0
0.0
0.0
0.0
-0.1232
-0.296
-0.3382
0.3089
-0.3716
0.0
0.0
0.0
0.6124
-0.1759
0.0
0.0
0.9274
0.0
0.0
0.0
0.0
-0.2263
0.0
0.0
0.0
0.4215
0.0
-0.3707
0.3089
0.0
0.8176
0.4019
0.4926
0.3612
0.4404
0.0
0.7759
0.0
-0.0772
0.0
0.0
0.0
0.5719
0.5047
0.0
0.9157
0.807
0.0
0.0
-0.34
0.9413
0.4019
0.0
0.0772
0.9587
-0.3384
0.0772
0.2263
-0.928
-0.5994
-0.0516
0.7783
0.0
0.0
0.296
0.6249
0.0
-0.6956
0.0
0.0
0.6249
0.0
0.0
0.0
0.0387
0.0
0.0
0.0
0.0
0.0
0.1779
0.1326
0.1027
0.0
0.0
0.0
0.0
0.0
0.0
0.0
0.0
0.0
0.0
0.7579
-0.0258
0.0
0.0
-0.1531
0.0
-0.3182
0.0
-0.296
0.0
0.0
0.0
0.3612
0.0
-0.5927
0.0
0.34
0.4696
0.3612
0.0
0.0
0.0
0.357
-0.2732
-0.4019
0.0
0.0
0.0
0.0
-0.1779
0.0
0.34
0.0
-0.4344
0.0
0.0
0.0
-0.4019
-0.3071
-0.7298
0.6486
0.0
0.0
0.0
-0.0516
0.0
0.0
0.4019
0.0
0.4215
0.4215
0.0
0.4199
0.0
-0.2635
0.34
0.3724
0.0
0.0
0.0
-0.2617
-0.4019
-0.3048
0.0
0.0
-0.4019
0.0
0.0
0.6908
0.0
0.4199
0.504
0.0
0.0
-0.561
0.0
0.0
0.0
0.0
0.4215
-0.2263
0.0
0.0
0.0
0.296
-0.2263
-0.6275
-0.296
0.7331
-0.4973
0.1901
0.8654
0.0
0.0
0.0
0.0
0.4527
0.0
0.0
0.3682
0.7876
0.0
0.3071
0.0
0.0
0.0
0.0
0.4215
0.3182
-0.4767
-0.4767
-0.296
-0.0772
0.9274
0.5684
-0.4574
0.2732
0.0644
0.3612
0.0
0.0
0.0
0.0
0.0
0.0
-0.34
-0.4019
-0.4168
-0.6801
0.8126
0.0
0.0
0.3612
0.0
0.0
0.0
0.0
-0.088
-0.5399
0.0
-0.0015
0.1154
0.1531
0.0772
-0.1779
0.0
0.0023
-0.2225
0.6062
0.0516
-0.5719
0.0
0.5106
0.4404
0.119
0.1531
0.0
0.0
-0.2263
0.3182
-0.438
0.0
-0.6378
0.0
-0.296
0.0
-0.3182
0.0
0.0
0.0
0.0
0.0772
0.0
0.0
0.3612
0.0
-0.2023
0.0
0.0
0.0
0.0
0.0
0.0
0.0
0.5267
-0.6759
-0.34
0.0
0.3182
0.0
0.0
0.0
0.0
0.0
0.0
0.25
0.0
0.2732
0.0
0.0
0.0
0.0
0.0
0.0
0.0
0.4019
0.0258
0.4927
0.6059
0.8113
-0.077
0.5927
0.0
0.0
0.0
0.0
-0.6956
-0.5023
-0.1531
0.0
0.0
0.0
0.0
0.6124
0.0516
0.8091
0.0
0.4939
0.0
0.0
0.3578
0.0
0.0
0.0
0.0
0.0
0.0
0.0
0.0
0.0
-0.296
0.128
0.5719
0.0
0.0
0.0
0.7345
0.0
-0.8805
0.0
0.1027
0.0
-0.1505
0.0
0.0
0.4939
0.0
0.0
-0.6187
0.3757
0.0
0.0
0.0
0.0
0.0
0.0
-0.1655
-0.3924
0.4215
0.0
0.0
-0.2225
0.0
0.8126
0.0
0.2023
-0.4019
-0.4019
-0.2144
-0.4767
0.5386
0.3612
0.0
0.0387
0.4215
0.0
0.0772
0.6486
0.2382
-0.296
0.3182
0.4404
0.6124
-0.296
0.0
0.0
0.0
-0.296
0.0
0.6115
0.0
0.6369
0.0
0.967
0.0
-0.4404
0.0
-0.2235
0.8126
0.0
0.0
0.0
-0.34
0.0
0.0
0.0
-0.1695
0.0
0.0
0.128
0.0
-0.5664
0.9198
0.0
0.4574
-0.296
0.0
-0.296
0.0
0.0
0.0
0.0
0.0
0.3182
0.0
0.0
0.0
0.0
0.4215
-0.3089
0.6908
0.0
0.0
0.0
0.0
0.5927
0.6848
-0.631
0.34
0.0
-0.2846
-0.296
0.0772
0.0
0.0
0.0772
0.0
0.5163
0.0387
0.0
0.0
-0.631
0.0
0.2732
0.0
0.0
0.0
0.68
0.4588
0.4588
0.7964
0.6525
0.0
-0.2263
0.0
-0.6054
0.0
0.0
0.0
0.0
0.0557
0.4939
-0.1851
0.0
0.0
0.3612
0.4102
0.8343
0.0
0.6696
0.0
-0.2263
0.0
0.8728
0.0
0.0
0.0
0.0
0.0
-0.3818
0.5994
0.0
0.6124
0.0
0.0
0.8261
0.0
0.0
0.0
0.0
0.0
0.0
0.3182
0.9483
0.2263
0.6597
0.0
0.0
0.0
-0.2263
0.0
0.3724
0.3182
-0.4019
0.0
0.0
0.0772
0.0
0.0
0.9568
0.4753
-0.323
0.7351
0.0258
-0.2411
0.0
0.3818
0.5106
0.0
0.34
0.0
0.0
-0.2244
0.8074
0.4753
0.0
0.0
0.0
0.0
0.0
0.0
0.0
0.0
0.0
0.0
0.0
0.0
0.0
0.0
0.0
0.6369
-0.296
0.0
0.3612
0.3182
-0.2755
-0.337
0.2263
0.8352
0.6808
0.2631
0.0
-0.0039
0.6697
0.2732
0.3818
-0.2023
0.0
0.0
-0.0418
-0.34
-0.4522
0.0
0.0258
0.0
0.0
0.0
0.0
0.0
-0.25
0.3612
0.34
-0.1761
0.25
-0.1877
0.0
0.126
0.6557
0.0
0.0
0.0
0.0
0.0
0.3182
0.4926
0.8105
0.3612
0.0
0.0
-0.4215
-0.0772
-0.4215
0.3612
0.5864
0.2263
0.0
0.0
0.1687
0.3182
-0.7876
0.3182
0.5994
0.0
0.2023
0.8044
0.0
0.0
0.68
-0.4404
-0.4404
0.0
0.0
-0.128
-0.7404
0.0
0.0
0.0
0.0
0.0
0.0
0.5023
-0.2083
0.5023
0.0
0.0
-0.2023
0.0
0.8625
0.0
0.0
0.4404
-0.296
0.0
-0.6705
0.0
0.0
-0.6898
0.0
0.5859
-0.6526
-0.296
-0.0772
0.0
0.0
-0.7217
-0.2144
0.0
0.2415
-0.2617
0.0
0.6699
0.3612
0.0
0.3612
0.4939
0.6322
0.0
0.0
0.0
0.0
0.0
0.0
0.0
0.0
0.0
0.0
0.2023
0.0
0.0
0.4926
0.6059
0.1154
0.6597
0.0
0.765
0.0
0.0
0.0
0.807
0.7959
0.0
0.0
0.0
0.0
0.2732
0.0772
0.0
0.0
0.0
0.0
0.0
0.0
0.6249
0.0
0.0
0.0
0.0
0.0
0.0
0.0
0.0
0.3089
0.0
0.0
0.0
0.4588
-0.2023
0.0
0.4404
0.0
0.8689
0.0
-0.296
0.3612
0.2144
0.3182
0.0
0.0
0.2714
-0.3447
0.0
0.0
0.0
0.0
0.0
0.0
0.0
0.0
0.0
0.0
0.0
0.0
0.0
0.0
0.0
0.4215
0.0
0.4404
0.3291
0.0
0.8955
0.0772
-0.2023
0.0
-0.5574
0.2023
-0.4782
-0.1531
0.0
0.0
-0.34
0.0
0.0
0.0
0.0
0.0
0.25
0.128
-0.296
0.0
0.0
0.5228
-0.296
0.5267
0.3818
0.0
0.6895
0.0
0.0
-0.2023
0.0
0.0
0.0
0.0
0.0
-0.0516
0.0
0.0
0.0
0.0
-0.4019
0.2263
0.0
0.4215
0.3182
0.0
0.6652
0.1007
0.0
0.0
0.0
0.0
0.0
0.0
0.0
0.0
0.2263
0.0
0.0
0.0
0.0
0.0
0.0
0.0
0.6478
0.0
0.1779
-0.1053
0.0
0.9144
-0.2263
-0.1779
0.0
-0.7876
0.8568
-0.6705
-0.4574
-0.481
0.0
0.0
0.0
0.6428
0.4019
0.09
-0.5679
-0.25
-0.6249
0.0
0.4019
0.4199
0.0
0.0
-0.4767
0.3382
0.0
-0.296
0.0
0.0
-0.1779
0.9531
0.4019
0.0
0.0
-0.4588
-0.0343
0.6486
-0.4215
0.2732
0.0
0.0
0.0
0.0
0.0
0.0
-0.6486
0.2732
0.0
0.0
-0.1531
0.0
0.0
-0.296
0.0772
0.0
-0.3182
0.0
0.0
0.0
0.5927
-0.296
0.0
0.0
0.0
0.0
0.0289
0.0
0.0
0.3291
-0.6597
-0.2732
0.0
0.1779
0.0
0.0
0.0
0.0
-0.296
-0.5423
0.3939
-0.4767
0.0
0.0
-0.4215
-0.4767
0.0
-0.3089
0.0
0.7964
0.3612
0.2732
-0.8398
-0.3578
-0.296
0.0
0.3182
0.8883
-0.5627
0.4767
-0.4215
0.0
0.7424
0.0772
0.6696
0.4019
0.0258
0.3612
0.0129
0.0
0.742
0.0
-0.5689
-0.296
0.4902
-0.3089
0.6231
0.0
0.0
0.0
0.0
0.0
0.0
0.0
0.0
0.2732
0.7171
0.0
0.0
0.0
0.0
0.0
0.8263
0.9638
0.0
0.4497
0.0
-0.296
0.0
0.0
0.0
-0.3818
0.5095
0.25
-0.6329
0.0
0.0
-0.2598
0.7608
-0.6747
0.0
-0.09
-0.296
0.3079
0.81
0.3182
-0.6956
-0.9189
0.8979
-0.2584
0.34
0.0
0.0
0.0
0.0
0.0
0.0
0.0
0.0
0.0
0.0
0.2498
0.7325
0.1779
-0.0772
-0.5267
0.7783
0.0
0.9116
0.0
0.34
0.0
0.0
0.2023
-0.296
0.3182
0.0
-0.1531
0.3612
0.5859
0.4019
0.0
0.0
0.4019
0.0
-0.6671
-0.2732
0.0
0.4939
0.5994
0.2584
0.7579
0.6369
0.6369
0.3919
0.0772
-0.0772
-0.509
0.673
0.4939
0.1779
0.0
0.0
0.0
0.0
0.8061
-0.4019
0.765
0.0
0.0
0.1695
0.0
0.6369
0.3182
0.0
0.0
-0.296
0.0
-0.3412
-0.2263
0.4215
-0.4019
-0.3291
0.1655
-0.4767
0.3182
0.0
0.0
0.0
0.0
0.0
0.0
0.0
0.7096
0.0
0.0
-0.1531
0.0
0.0
0.0
0.0
-0.4019
0.6239
-0.6597
-0.4372
-0.4019
-0.4019
0.6486
-0.3226
-0.296
0.0
-0.5106
0.9766
-0.296
0.0
-0.3365
0.9701
0.0
0.4574
0.0
0.5972
0.0
0.0516
-0.4215
0.0
0.0
0.4738
0.0
-0.34
0.0
-0.5719
-0.3401
0.743
0.0
0.0
0.4019
0.1531
0.4939
0.4617
0.0
-0.2023
0.923
0.0
0.0
0.4199
0.0
0.6072
0.0
0.0
0.0
0.0
0.0
0.0
0.0
-0.481
-0.481
0.0
0.3382
0.25
-0.4767
-0.296
0.8645
-0.8538
-0.1531
-0.7399
0.0772
-0.128
0.5574
0.4404
0.0
0.1842
0.0
-0.7003
0.0
0.6369
0.0
0.372
0.3182
0.0
-0.0516
0.0
-0.3612
0.6369
0.0
0.0
0.872
0.0
0.0
0.1655
0.0
-0.1513
0.128
0.0
0.0
0.0
-0.1878
0.1842
0.0
0.8168
0.0
0.0772
0.0
0.544
0.0
-0.3595
0.0
0.0
0.0
0.3182
0.6584
0.802
0.0
0.0
0.0
0.4847
-0.4019
0.0
0.0
0.7906
0.1406
0.0
0.0
-0.4019
-0.5994
-0.8315
0.296
0.2732
0.0
0.6858
0.4215
0.7003
0.9186
0.54
-0.6237
0.4404
0.743
0.0
0.0
0.3612
0.4199
-0.4767
-0.296
0.0
0.0
-0.0276
-0.1531
-0.1901
0.0
0.4019
0.0
0.0
-0.1531
0.0
0.2263
-0.1027
-0.4767
-0.4767
0.0
0.0
0.657
-0.2083
0.0
0.0
0.296
0.8555
0.2023
0.3919
0.0
0.0
0.0772
0.5719
0.0
0.0
0.0
0.0
0.0
0.0
-0.4019
0.7351
0.0
0.3612
-0.5255
0.0
0.0
0.5255
0.0
0.0
-0.5423
0.0
0.0
0.3612
0.0
0.25
0.4019
0.0
0.0
0.2498
0.0
0.0
0.0
0.0
0.0
0.1027
-0.2846
0.0
0.0
0.0
0.0
0.0
0.0
0.0
0.0
0.0
0.0
0.0
0.9869
0.0
0.4215
0.4019
0.6369
-0.2023
0.0
0.875
0.765
0.7418
0.0
-0.296
0.0
0.0
0.7413
0.0
0.3182
0.0
-0.7184
-0.5006
0.0
0.8908
0.0772
0.6808
0.4588
0.0
0.1779
0.4019
0.0
-0.4678
0.8681
0.0
0.0
-0.4118
-0.4019
0.2732
0.3382
-0.3096
-0.6361
-0.4497
0.0
0.3818
0.7197
0.2732
0.0
0.1531
-0.4019
-0.3875
-0.5621
0.0
0.0
0.0
0.3818
0.0772
0.4601
0.1972
0.5242
0.4588
0.3612
0.7396
-0.5267
0.9228
0.0
0.0
-0.0516
0.6696
0.3612
0.1882
0.0
0.0
0.0869
0.4404
0.3182
0.0
0.6705
0.0
0.0
0.0
-0.4019
0.0
0.0
-0.5499
0.0
0.0
0.5974
0.3612
0.6808
0.6249
-0.2263
0.0
0.1027
0.5023
0.0
0.0
0.6124
0.7678
0.0
0.3612
-0.34
0.9022
0.0
0.3089
0.0
0.0
0.0
0.0
0.2893
-0.1779
0.8047
0.0
0.7964
0.0
0.0
0.0
0.0
0.6966
0.7419
0.4939
0.0
-0.4149
-0.6901
-0.1732
0.0
0.0
0.0
-0.296
-0.3612
0.2103
0.4404
-0.2244
0.0
0.34
-0.5635
0.6663
0.3612
0.0813
0.5983
0.8655
0.0
-0.2144
0.7227
0.0
0.0
0.0
0.4588
0.0
-0.4019
0.0
-0.6588
0.0
-0.6114
0.0
0.0
0.0
0.0
0.0
-0.4939
0.0
0.0
0.0
0.0
-0.4019
-0.4201
0.0
0.0
0.3382
0.0
0.4019
0.0
0.0
-0.3773
0.4126
0.8313
0.2023
0.0
0.7717
0.1406
-0.3871
-0.4215
0.0
-0.3089
0.0
0.0
0.0
0.0
0.0
0.25
0.0
0.3182
0.0
0.3182
0.0
0.0
0.6369
0.6486
0.0
-0.2263
0.2023
0.0
-0.4404
0.0
0.2263
0.6369
0.6369
0.0
0.0
0.0
-0.4215
0.0
-0.5269
0.0
0.0
0.4939
0.0
-0.4005
0.0
0.3535
0.5204
0.765
-0.5562
0.0
0.0
-0.481
-0.508
0.25
-0.296
0.0
-0.296
0.0
-0.296
-0.296
-0.1081
0.0
0.0
0.3612
0.0
0.4019
-0.4404
0.886
-0.323
0.0
0.0
0.0
0.0
0.0
-0.711
0.0
0.4927
0.0
0.4927
0.7684
0.0
0.7841
-0.4019
0.4215
0.6124
0.0
-0.296
0.5563
0.0
0.5563
0.0
0.5563
0.0
-0.296
0.0
0.0
0.0
0.0
0.25
0.0
0.7003
0.8356
-0.3089
0.4019
0.0
0.2023
0.0
-0.25
0.0
0.4939
-0.2411
0.765
0.0
0.5106
0.7869
0.0
-0.1531
0.0
0.1779
0.0
0.0433
-0.3589
0.7906
0.0
0.9426
0.0
0.4939
0.0
0.0
0.0
0.0
-0.5696
0.4449
-0.7096
-0.296
0.0
0.0
-0.6339
0.0
0.0
0.0
0.3612
0.0
-0.296
0.3182
0.4019
-0.34
0.7845
0.3887
0.3612
0.0
0.0
0.2023
0.0
0.3871
0.0
0.0
-0.4926
0.0
0.0
0.549
0.0
0.0
0.0
-0.4884
0.8356
-0.765
0.3089
0.1511
-0.6597
0.0
0.4926
0.8977
0.0
0.0
0.0
-0.7237
-0.4215
-0.296
0.8908
0.0
0.0
0.3321
0.2732
-0.1531
0.5859
-0.2144
0.4738
-0.6249
-0.7311
0.9568
-0.1027
0.4184
-0.6996
0.1779
0.7351
-0.4404
0.3108
0.5719
0.886
0.0772
0.7741
-0.631
0.7701
-0.6476
0.0
0.4215
-0.5994
0.0
-0.25
-0.34
0.6187
0.0
0.8176
0.3612
0.0
0.0
0.0
0.088
0.0
-0.5255
0.4019
0.6553
0.4019
0.6553
0.0
-0.2263
0.5411
0.0
0.0
-0.2263
0.0
0.0
0.0
0.0772
-0.4588
0.0
0.5994
-0.7958
-0.0274
-0.1429
0.0
0.0
0.6747
0.2023
0.4767
0.2732
0.0
0.0
0.2732
0.0
0.4657
0.34
0.0
0.128
-0.3182
0.34
0.6597
-0.3182
-0.3634
0.0366
-0.0516
-0.9591
-0.1201
0.0
0.0
0.0
0.5707
-0.296
0.3089
0.3089
0.0
0.3089
0.0
0.5574
0.0
0.0
-0.3182
0.0
0.3855
0.2244
0.0
-0.4767
0.0
0.0
0.0
0.0
0.0
0.0
-0.4767
0.0
0.7717
0.0
0.0
0.1027
-0.4497
0.5719
0.2263
0.0
0.0
0.3182
0.0
-0.4767
0.0
0.7533
0.0
0.6808
0.7351
0.0
0.0
0.6369
-0.1007
0.659
0.1263
0.5703
0.0
0.0
0.0
0.0
0.8957
0.0
0.4215
-0.5362
-0.7199
-0.296
0.1531
0.5106
0.0
0.0
0.0
0.0
-0.2942
0.2244
0.7777
-0.4391
0.0
0.0
-0.5106
0.0
0.4215
0.0
0.0
0.0
0.0
0.0
0.7506
0.3612
0.0
0.0
0.0
0.0
-0.7615
-0.1779
0.4939
0.0
0.7311
0.0
0.0
0.0
0.6369
0.0
0.4576
0.34
0.0
0.6124
0.1759
-0.6587
-0.296
-0.0423
0.2263
0.0
0.0
-0.296
0.0
0.0
0.0
0.6202
0.4215
0.3612
0.0
0.0
0.4939
0.2283
0.7565
0.5927
0.0
0.0
0.0
0.6115
0.0
0.0
0.5106
0.0
0.4215
0.296
0.0
-0.3491
0.3612
0.0
0.25
0.0
0.5499
0.0
0.7351
-0.5499
0.0
0.0
0.4019
0.5719
0.5499
0.3612
0.2023
0.0
0.0
-0.34
0.0
0.4019
-0.5106
0.0
-0.4329
-0.6953
0.5499
0.0
-0.1027
0.4199
0.6476
0.0
0.0
0.6858
0.0
-0.7256
0.0
0.4576
0.1511
-0.34
0.0
0.0
0.0
0.0
0.0
0.0
0.9092
-0.4019
0.3365
0.0
0.5622
-0.296
0.0
0.4404
-0.1759
0.0
0.0
0.6124
0.5859
0.5789
-0.6776
0.1779
0.0
0.5782
0.8176
-0.4019
0.0
0.7346
0.2225
0.0
0.2023
0.3612
0.0
-0.7044
0.0
0.6606
0.1779
-0.5499
0.802
0.0
0.0
0.2732
0.539
0.0
0.0
0.0
0.4404
0.8955
0.0
0.0
0.0
0.6124
0.0772
-0.4019
-0.1635
-0.5499
0.0
0.0
0.0
0.6697
0.0
0.7921
0.4019
0.0
0.0
0.0
0.0
0.0
-0.25
-0.296
0.5619
0.5562
0.2263
0.5994
0.0
0.0
0.7976
0.1655
0.0
0.0
-0.5106
0.0
0.8309
0.4019
0.0
0.5994
0.7339
-0.5362
0.2023
0.0
0.0
-0.296
0.3182
0.0
0.7088
0.0
0.6249
0.7514
0.3612
-0.3089
0.0
-0.4767
0.0
0.0
0.0
0.6369
0.3786
0.9816
0.3612
0.0
-0.4184
-0.1531
-0.0011
0.7425
0.1326
-0.296
0.8961
0.0772
0.9054
0.3818
0.7096
0.296
0.5423
0.0772
0.0
0.0
0.0
-0.1027
0.3855
0.0
0.0
0.0
0.0
-0.6597
-0.1531
0.0387
0.0772
0.807
0.5719
0.0
0.0
0.6588
0.0
-0.2755
0.6369
-0.3493
0.4404
-0.4767
-0.2263
0.0
0.6597
0.4404
0.0
0.0
0.0
0.0
0.1511
-0.3802
0.4019
0.0
0.0
0.0
0.0
-0.3182
0.1154
0.4215
0.0
0.0
-0.5916
0.0
0.0
0.0
-0.2732
0.0
0.4215
0.0
-0.4907
0.0
0.2732
-0.4019
0.5574
-0.4019
0.3182
0.6369
0.891
0.9493
0.0
0.0772
0.0
0.3182
0.0
-0.2411
0.7876
0.0
0.2714
0.4215
0.0
0.0
0.0
0.0
0.875
0.0
0.0
0.0
-0.3612
-0.0785
-0.0129
-0.296
0.2263
0.0
0.0
0.0
0.0
0.0
0.4019
0.8122
0.3802
0.0
-0.6588
0.3818
0.0
0.4574
0.8316
0.0
0.0
0.0
0.0
0.0
-0.4939
-0.0258
0.3612
0.0
0.3612
-0.2263
-0.6467
-0.0387
0.4019
-0.1045
0.0
0.2732
0.0
-0.6757
0.0
0.6476
0.0
0.0
0.6486
0.0
0.0
0.7003
0.5106
-0.6124
0.0
-0.5739
0.8271
0.0
-0.34
0.0
0.5423
0.0
0.0
-0.4588
0.0
-0.4443
0.3818
0.3612
0.2363
0.3612
0.2869
0.0
0.9714
0.9285
0.0
0.5267
-0.1593
0.5229
0.4199
0.0772
0.5719
0.0
0.5719
0.2023
0.7269
0.97
0.0
0.0
0.3612
-0.4574
0.0
0.0
0.4574
-0.2244
0.0
-0.3818
0.0
-0.4019
-0.5743
-0.4576
0.0
0.0
0.0
0.0
0.0
-0.296
0.2732
-0.1232
0.0
0.9371
0.1124
0.0
0.0
0.0
0.0
-0.3802
-0.3182
0.296
0.0
0.0
0.0
0.0
-0.4767
0.0516
0.6059
0.2263
0.5574
0.3818
0.0
0.0772
0.0
0.0
0.0
-0.2263
0.0
0.0
0.6249
0.4404
0.0
0.2023
-0.296
0.6808
-0.4767
0.1179
0.0772
0.2023
0.1511
0.4738
-0.4164
-0.4588
-0.128
0.0
0.8361
0.7088
0.0
-0.7906
0.0
-0.5927
0.0
0.0
0.0
-0.0772
0.0
0.0
-0.5255
-0.4767
-0.4003
0.0
0.0
0.0
0.0
0.4767
0.0772
-0.2484
0.0
0.0
0.9348
0.5916
0.0
0.6124
0.296
-0.296
-0.8126
-0.5106
0.0
0.0
0.296
0.0
-0.4404
0.0
0.0
0.0
0.0772
0.8598
0.0
0.7906
0.3384
0.0
0.0
0.0
0.0
0.0
0.0
0.0
0.0
-0.4019
-0.631
-0.0772
0.6239
0.0
0.5267
0.0
0.0
0.0
0.6597
0.4404
0.0
0.8478
0.2732
0.0
0.0
-0.4019
0.0
0.5419
0.0
0.6808
0.0
0.5423
0.2714
0.5023
0.2942
0.0
0.0
0.0
0.0
0.0
0.5945
0.4926
0.0
-0.4019
-0.6249
0.0
0.2732
0.0
-0.2732
-0.2732
-0.2732
0.0
0.3182
-0.34
0.6908
0.296
-0.745
0.0
-0.5267
0.0
-0.4215
0.2023
-0.5574
0.0
0.0
-0.5116
0.0516
0.0
0.2023
0.0
0.0
0.0
0.0
0.0
-0.3931
-0.4574
0.0
0.0
-0.451
0.0
-0.658
0.34
0.5983
0.1511
0.0
0.0
-0.7184
0.3493
0.0
0.0
-0.0516
-0.296
-0.3182
-0.5106
-0.0258
0.5916
0.4404
-0.4003
0.0
0.0
0.3802
0.0
0.0
-0.4201
0.0
0.0
0.0
-0.2144
0.0
0.4497
0.0
0.0
0.0
0.3015
0.0
0.1511
-0.4019
-0.4021
0.0
-0.2238
0.0258
0.0
0.0
-0.508
0.6369
0.1779
0.0
0.0
-0.6476
-0.1877
0.3612
0.0
0.3612
0.8718
0.4003
0.2023
-0.8533
0.7783
0.4404
0.0
0.0
0.0516
0.0
0.4019
0.0
-0.4575
-0.4874
-0.4019
0.0
0.4019
0.0
0.0
0.6124
0.5574
0.0
0.0
0.0
0.0
0.7845
0.8594
0.296
-0.5255
0.0
0.7818
0.0
0.4389
0.0
0.3182
0.0
0.3612
0.4019
-0.4404
0.0
0.0
0.0
0.0
0.4588
0.34
0.0
-0.5023
0.0
0.0
0.0
0.0
0.0
0.1901
-0.4574
-0.0644
0.7757
0.0
0.0
0.0
0.9413
0.2225
-0.3378
0.3612
0.0
0.0
-0.25
-0.0477
0.0
0.0
0.4404
0.1531
0.0
0.0
0.0
-0.4404
0.7469
0.0
0.0
0.0
0.0
0.3182
0.0
0.0
0.0
0.0
0.5994
0.7906
0.0
0.0
0.4019
0.0
0.743
0.0
0.0
0.0
0.2732
0.6764
0.5173
0.0
0.0
0.0
0.7906
0.0
0.0387
0.7579
0.0
0.0
0.0
0.0
0.0
0.0
0.0
0.0
0.5994
0.0
0.0
-0.5106
0.0
0.0
0.0
-0.1779
-0.5696
-0.8639
-0.7096
0.2263
0.0
0.5267
0.6808
0.0
-0.4215
0.7096
-0.5423
0.0
0.0
-0.6597
0.0
0.4019
-0.3089
-0.8944
0.2403
0.4767
0.0
-0.296
0.5267
0.3182
0.0
0.0
0.6239
0.0
-0.2584
0.0
0.0
-0.296
0.1511
0.0
0.69
0.0
-0.4767
0.3834
0.3164
0.1134
0.4404
0.0
-0.631
0.5052
0.6808
0.6166
0.0
0.0
0.0
0.2481
0.7096
0.4215
0.0
0.0
0.5574
0.34
0.3612
0.0
0.9552
-0.6249
0.0
0.0
0.0
0.0
0.2732
0.3291
0.0
0.0
0.0
-0.5358
0.0
0.5661
-0.4767
0.4404
0.0
0.5927
0.5916
0.0772
0.0
0.6476
-0.1531
0.0
0.0
0.2023
0.0
0.0
0.0
0.6369
0.0
0.8388
0.0
0.636
0.4404
0.0
0.0
-0.5386
0.3818
0.0
0.3802
0.4215
0.0
0.3612
0.3612
0.0832
0.3612
0.0
0.0
0.0
0.0
0.4215
0.836
0.0
0.0
0.3612
0.0
0.0
0.0
-0.3182
0.0
0.4019
0.4019
0.0
0.0
0.3612
-0.0258
0.0
0.0
0.0
0.0
0.0627
-0.0258
0.0
-0.2716
-0.296
0.0
0.0
0.0
-0.3252
0.7992
0.0
0.4404
0.4215
0.6272
0.0
0.0
0.3182
0.0
0.4199
0.1744
0.0
0.5516
0.0
0.0
0.0
0.0
0.0
0.4155
0.0
0.0
-0.2584
0.0
0.0
-0.2584
0.0
0.9557
0.4926
0.0
0.4867
0.1531
0.0
0.0
0.6369
0.0
0.2023
0.0
0.0
-0.2057
0.7345
0.0772
0.34
0.296
0.2732
0.2023
0.4404
0.3182
-0.3182
0.2263
0.0
-0.0258
0.0
-0.4767
-0.4404
0.0
0.3612
0.2006
0.0088
0.5267
-0.1779
-0.8609
0.0
0.765
0.0
0.0
0.0
-0.4295
0.0
0.0
0.0
0.0
0.6808
0.0
-0.3595
0.0
0.2244
0.0
0.0
0.0
0.0
0.2023
0.0
0.5023
0.2235
0.0
0.0
0.0
0.6808
0.0
0.0
0.34
0.6369
0.0
0.6369
0.0
0.3612
0.3612
0.0
0.4019
-0.2732
0.5475
0.0
0.2023
0.0
0.0
0.3612
0.3612
0.0
0.4303
-0.4588
0.4871
0.3939
0.0
-0.0516
-0.0258
-0.1779
0.0
0.0
0.3182
0.0
0.0
-0.4019
0.0
0.3612
-0.34
0.3695
0.4588
0.7351
0.2263
0.3182
0.6124
0.0
0.0
0.4926
0.0
0.0
-0.0516
-0.0258
-0.1779
0.0
0.0
-0.1027
0.0772
0.0
0.0
0.0
0.5859
0.0
0.0
0.3859
-0.8442
0.1134
-0.204
0.6157
0.0
0.0
0.4404
0.3818
0.3818
0.3612
-0.296
0.0
-0.0516
-0.0258
-0.6744
0.7424
0.0
0.0
0.0
0.5023
0.0
0.0
-0.5789
0.0
-0.0516
-0.0258
0.7644
0.0
0.9287
0.8858
-0.4019
0.4753
0.7906
0.7906
0.0
0.0
0.0
0.4404
0.0
0.0745
0.0
-0.7678
-0.3252
0.0772
0.0
0.0
0.4215
0.8972
0.0
0.0
0.0
0.0
-0.2263
0.6696
0.4574
0.3612
0.6249
0.3788
0.4588
0.3612
0.1306
0.0
0.0
0.0
-0.5719
0.5742
0.5563
-0.3736
-0.2263
0.0
0.6597
0.0
0.0
0.0
0.0
0.0
0.5719
-0.481
-0.2263
0.0
0.0
-0.0516
-0.0258
-0.1779
0.0
0.0
0.0
0.9162
0.0
-0.0516
-0.0258
-0.1779
0.3612
0.0
0.0
0.0
0.0
0.0
-0.1027
0.0
0.7081
-0.1695
0.3612
0.0
0.6369
0.6632
0.5719
0.296
-0.4019
0.0
0.1154
0.4019
0.25
0.2648
0.6808
0.0
0.0
-0.0516
-0.0258
-0.1779
-0.3089
0.3861
-0.4404
0.0
0.1779
0.0
0.7906
0.222
0.9418
0.0
0.0
0.0
0.0772
0.0
0.0
0.0
0.3089
0.0
0.0
0.4404
-0.69
0.0
0.3182
0.0
0.0
0.0
0.0
0.0
-0.34
0.0
0.0
0.0
0.0
0.0
0.6369
-0.2732
0.0
-0.7003
0.0
0.8176
-0.7105
0.0
0.5229
-0.3412
-0.8492
0.9356
0.5927
-0.296
-0.471
-0.2579
0.128
0.6705
0.7269
-0.4019
-0.4019
0.0
0.0
0.7184
0.0
-0.0516
-0.0258
-0.2481
0.6759
0.0
0.0
0.0
0.2732
0.296
0.0
-0.0772
0.0762
-0.4019
0.296
0.5463
-0.4019
0.0772
0.0
-0.0516
-0.0258
-0.1779
0.3724
-0.733
0.1406
0.3612
0.7809
-0.4554
0.0
0.0
0.7822
-0.0772
0.0
0.0
-0.4767
0.0
0.0
0.0
0.0
0.0
0.0
0.0
0.0
0.0
-0.2023
0.6114
0.5859
0.0
0.0
0.2023
0.0
0.0
0.0
0.25
0.453
-0.2829
0.4574
-0.0516
-0.0258
-0.1779
0.0
0.0
0.0
0.0
-0.296
-0.5562
0.4003
0.0
-0.0516
-0.0258
-0.1779
0.3182
0.0772
0.0
0.0
0.2732
0.6836
0.1124
-0.6652
0.4588
0.0
0.5916
-0.126
0.4386
0.0
0.0
0.0
0.0
0.3818
0.0
0.0
0.9709
-0.4118
0.5859
0.0
0.9066
0.7126
0.5994
0.5994
0.5994
0.0
0.5994
0.5994
0.5994
0.5994
0.5994
0.5994
0.8126
0.3612
-0.3252
0.3612
-0.3252
0.3612
0.0
0.0
-0.3818
0.3612
0.0
0.0
0.0
0.4019
-0.0772
0.0
0.0
0.0
0.0
-0.4019
0.0
0.0
0.0
0.0
0.0258
0.5255
0.0
-0.34
0.0
-0.0516
-0.0258
0.634
0.4754
-0.3786
0.1779
0.0
0.0
-0.25
0.15
0.0772
0.5267
0.0
0.0
-0.0516
-0.0258
-0.3147
0.0
0.7579
0.0
0.0
0.0
0.4131
0.4019
0.0
0.0
0.0
0.0
0.4199
-0.25
0.1027
0.1406
0.0
-0.2263
-0.7096
0.8753
-0.0961
0.6114
0.0
0.8429
0.2732
0.8519
-0.2732
-0.1511
0.0
0.0
0.1655
0.6249
0.8932
0.0
0.0
0.0
0.6458
0.923
0.3612
0.0
0.0
-0.1044
0.0
-0.3612
0.0
0.0
0.4215
0.8008
0.6597
-0.6416
-0.128
0.0
-0.1027
0.5994
0.5994
0.0
0.0
-0.0093
0.0772
0.5574
0.5267
0.1901
0.5399
0.0
0.0
0.6476
0.5423
0.0
0.0
0.0
0.0
0.0
0.0
0.2481
0.0
0.0
-0.0772
0.7841
0.0935
0.636
0.6501
0.0
0.0
-0.296
0.0
0.0
0.0
0.0
0.3382
0.0
0.9186
0.0
-0.0516
-0.0258
0.6124
0.0
0.5242
-0.4019
0.0
0.0
-0.1232
0.0
0.0
0.0
0.0
0.0
0.0
0.0
0.0
0.0
0.25
0.0
0.0
0.6705
-0.128
0.995
0.8871
0.0
0.0
0.0
0.0
0.0
0.0
0.0
0.8516
0.2263
0.0
0.6369
0.8834
0.5003
-0.1136
0.9741
0.4019
0.4019
0.0
-0.0516
-0.0258
-0.1779
-0.6597
0.2732
0.0
-0.34
-0.4019
-0.4215
0.0258
0.4019
0.3612
-0.9308
0.0
0.2732
0.4588
0.5023
0.5707
0.0
0.7657
0.0
0.0
0.6082
0.7293
0.0
0.1154
0.0
0.3952
0.0772
0.2716
0.6124
0.6083
-0.4215
0.0
0.4767
0.2023
0.4767
0.9862
0.8516
-0.3359
0.0
0.7056
0.3612
0.6369
0.0
0.0
-0.5859
0.8043
0.898
0.0
0.0
0.0
0.0
0.0
0.0
0.3612
0.0
0.8591
0.4215
0.0772
0.0
-0.4019
0.0
0.0
0.0
0.0
0.0
0.0
0.0
0.0
0.1139
0.9655
0.0
0.0
-0.9413
-0.296
-0.5574
0.167
0.2263
0.2263
-0.7443
0.631
0.7184
0.09
0.2023
0.296
-0.4767
0.8271
0.7096
-0.1232
-0.1984
0.4019
0.9822
0.0
-0.128
0.0
-0.2144
0.0
0.0
0.3612
0.5423
0.0
0.5859
0.0
-0.6007
0.2263
0.8442
0.2023
0.3666
0.0
0.0
-0.3182
0.6696
0.0
0.3903
0.0
0.0
0.0
0.8622
0.0
0.0
0.0
0.0
0.0
-0.3197
0.0
-0.0516
-0.0258
-0.6968
0.0
0.0
0.0
0.0
0.0
0.0
0.0
0.0
0.3182
0.0
0.0
0.0
0.0
0.0
0.0
0.0
0.4199
0.0
0.0
0.4019
0.2023
0.0
0.7935
0.4215
0.4019
0.4404
0.0
0.0
0.0
0.0
0.0
-0.0516
-0.0258
-0.5267
0.0
0.4939
0.7964
0.6652
0.0
0.0
-0.0516
-0.0258
-0.1779
0.0
0.1531
0.1531
0.2568
0.0
0.0
0.0
0.0
0.296
0.0
0.0
0.1406
0.6114
0.0387
0.8176
0.0
0.0
-0.3987
0.0
-0.0516
-0.0258
-0.2484
0.0
0.4019
0.0
-0.481
0.0
-0.0516
-0.0258
-0.1779
0.0
0.0
0.0
-0.4926
0.0
0.0
0.0
0.0
0.8835
-0.0516
-0.0258
-0.1779
-0.0258
0.0
-0.4019
-0.5837
0.4215
0.2263
0.0772
0.0
-0.4404
0.0
0.3612
0.0
0.0
-0.0516
-0.0258
-0.1779
-0.2023
-0.6908
0.3818
0.3612
0.0
0.0
-0.4019
0.6535
0.0
0.7088
0.0
0.4019
0.7184
0.5538
0.6597
-0.5696
0.0
-0.5994
0.0
0.0
0.0
-0.5574
0.0
0.0
0.1842
0.0
0.4389
-0.9447
-0.7644
-0.0516
-0.0258
-0.1779
0.0
0.7615
0.0
-0.3612
0.4019
0.6249
0.7096
0.0
0.0
0.0
0.0
0.3818
-0.2263
-0.7177
0.1027
0.0
-0.0516
-0.0258
-0.1779
-0.128
0.0
0.0
0.3182
0.0
0.2846
0.0
0.4215
0.296
0.0
0.0
0.0
0.0
0.2263
0.0
0.0
0.34
0.4753
0.0
-0.5696
0.4559
0.3802
0.0
0.0
-0.0516
-0.0258
-0.4404
-0.5106
0.0
0.0
0.0
0.0
0.0
0.0
-0.2382
0.0
0.34
0.34
0.0
0.0
0.0
-0.0803
0.8036
0.7845
0.0
0.0
-0.0516
-0.0258
0.1406
0.0
0.0
0.0
0.0
0.0
0.0
-0.0516
-0.0258
0.8776
0.0
0.0
-0.7506
0.34
0.5927
-0.7488
0.0
0.0
0.0
0.296
0.7391
0.0
0.0
0.0
0.0387
0.0
0.0
0.0
0.2244
0.0
0.2023
0.8689
0.0
-0.0516
-0.0258
-0.126
0.0
0.6124
0.3612
0.0
-0.3089
0.0
0.2263
0.0
0.0
0.34
0.0
0.0
0.5023
0.5994
0.9413
0.4184
0.0
0.3182
0.2944
0.0
0.0
0.0
-0.3612
-0.5216
0.0
-0.0516
-0.0258
-0.1779
0.0
-0.2942
0.0
0.4753
0.3365
0.8126
0.0
-0.0516
-0.0258
-0.3605
0.6124
0.5023
0.0
0.0
-0.4767
0.8122
-0.7003
0.0
-0.0516
-0.0258
0.2732
0.0
0.0
0.0
-0.4098
-0.5719
-0.8715
-0.4019
-0.8556
0.0
-0.0516
-0.0258
0.8617
0.0
-0.0516
-0.0258
-0.2481
-0.0516
-0.0258
-0.1779
0.0
0.296
-0.5122
0.34
0.0
-0.296
0.0
0.0
0.0
0.0
0.34
0.3742
0.0
0.6249
0.34
0.0
0.0
0.0
-0.8766
-0.2828
0.0
-0.0516
-0.0258
-0.2732
0.0516
0.8567
0.7609
0.0
-0.0516
-0.0258
-0.1779
0.4019
0.6458
0.0
0.0
0.8335
0.0
0.4019
0.4926
0.0
0.0
0.0
0.0
0.4404
0.5574
0.0
-0.1298
0.4404
0.7088
-0.7992
0.0
-0.0516
-0.0258
-0.09
-0.6319
0.0
0.0
0.7941
-0.296
0.594
0.3182
0.0
0.0
0.0
0.0
0.6239
-0.3676
-0.7263
0.0
-0.0516
-0.0258
0.25
0.0
-0.0516
-0.0258
-0.1779
0.0
-0.2023
0.0
-0.2263
0.0
0.0
0.0
0.0
-0.5057
-0.0516
-0.0258
-0.1779
0.0
0.6552
-0.1007
0.5574
0.4199
0.0
0.0
0.0
-0.0516
-0.0258
0.6351
0.8225
-0.2263
0.891
-0.0938
-0.8159
0.0
0.0
0.0
-0.0516
-0.0258
-0.1779
-0.1531
0.8622
0.0
0.0
-0.4843
0.0
0.6249
0.4199
0.2714
0.0772
0.0
0.0
0.3382
0.0
-0.0516
-0.0258
-0.0516
0.0
0.0
-0.0516
-0.0258
-0.1779
0.0
-0.0516
-0.0258
-0.1779
-0.2755
0.0
0.4754
0.4404
0.0
0.8777
0.4215
-0.2584
0.0
-0.2263
0.4055
0.0
-0.296
0.0
0.0
0.5101
0.0
0.0
0.0
0.0
0.0387
0.0
0.0
-0.0516
-0.0258
-0.1779
0.0772
0.0
0.9325
-0.2617
0.0
-0.8225
0.6103
0.7506
0.0
-0.0516
-0.0258
-0.1779
0.0
0.0
0.8591
0.4019
0.1695
0.0
0.7901
0.9411
0.0
-0.34
0.0
-0.3016
0.0
0.4574
0.5994
0.0
0.0
-0.0516
0.34
-0.6858
0.6369
0.5859
0.3818
0.34
0.0
0.2732
-0.2732
0.0
0.0
0.4767
0.4939
0.8622
0.0
0.0
-0.4019
0.34
0.0
0.0
0.296
0.5994
0.5563
0.4926
0.0
0.0
0.4215
0.1027
0.0
0.4199
0.0
-0.0516
-0.0258
0.4215
-0.8118
0.0
0.3818
-0.631
0.0
0.0
0.5951
0.0
-0.0516
-0.0258
-0.1779
0.0
-0.0516
-0.0258
0.128
0.0
0.0
0.0
-0.7088
0.0
0.0
0.0
0.0
-0.0516
-0.0258
-0.1779
0.3948
0.34
0.0
0.0
-0.4199
0.0
0.0
0.4019
0.296
0.7807
0.9378
0.296
0.6179
0.0
0.3612
0.8016
0.0
0.7579
0.8176
0.0
-0.0516
-0.0258
-0.2824
-0.4559
0.0644
-0.7658
0.4926
0.0
0.0
0.3612
0.1872
0.6249
-0.1027
0.4019
0.6705
-0.2263
0.1779
0.34
0.34
0.7783
0.1027
0.0
0.5859
-0.4003
-0.481
0.0
-0.4939
-0.7734
-0.5562
0.0
0.3182
0.8286
0.6042
0.9498
0.8442
0.0
-0.0516
-0.0258
-0.1779
0.0
0.0
0.0
0.6476
