0.4404
0.128
0.0
0.0
-0.4019
0.0
0.0
-0.5007
0.6072
0.0
0.0
0.0
0.0
0.0
0.0
0.3182
0.0
0.0
0.34
0.0
0.0
0.2263
0.0
0.0516
0.4019
0.0
-0.4767
0.0
-0.3089
0.0
0.0
0.2263
0.0
0.2263
0.4939
0.0
-0.5423
0.0
0.34
0.0
0.0
-0.296
0.0
0.0
0.6808
0.0
0.0
0.0
0.0
0.0
0.0
-0.5423
0.0
-0.5267
0.0
0.0
0.0
0.6124
-0.2263
0.2263
0.0
0.0
0.0
-0.296
0.4019
0.0
-0.1551
0.0
0.0
0.0
0.0
0.0
0.0
0.0
0.0
0.0
0.0
0.0
0.0
0.0
0.4019
-0.2975
-0.4019
0.0
-0.2023
0.0
0.0
0.0
0.0
0.0
0.0
0.0
0.0
0.2263
0.0
-0.296
0.4404
0.0
-0.25
0.0
-0.4215
0.0
0.4767
0.0
0.3472
-0.1779
0.4019
0.0
0.4905
0.6808
0.0
-0.0772
0.0
0.0
0.2732
0.4005
0.34
0.4019
0.0
0.3182
0.0
0.0
0.4019
0.0
0.0
0.0
0.0
0.0
0.0
0.4939
0.0516
0.0
0.4019
0.0
0.0
0.4404
0.0
-0.296
0.0591
0.0
0.0
0.0
0.0
0.0
0.0
0.0
0.4019
0.0
-0.4019
0.0
0.0
0.0
0.0
0.3182
0.2263
0.4404
0.4019
0.2057
0.0
0.0
0.0
0.0
0.0
0.0
0.34
0.0
0.0
0.0
0.0258
0.0
0.1901
0.0772
0.4215
0.0772
0.0
0.0
0.0
0.0
0.34
0.0
0.0
0.0
0.0
0.2732
0.0
0.0
0.0
0.0
0.0
0.0
-0.2263
0.0
0.0
0.4404
-0.5423
0.2263
0.0
0.4019
0.0
-0.3804
0.0
0.0
0.0
0.0
0.0
0.2263
0.0
0.296
0.0
-0.3612
0.0
0.0
0.0
0.0
0.0
0.0
0.0
0.0
-0.296
0.0
-0.296
0.0
0.0
0.0
0.0
0.4019
0.0
-0.6124
-0.296
0.0
0.4215
0.0
0.3089
0.0772
0.3291
0.0
0.0
0.0
0.0
0.0
0.0
-0.3612
0.0
0.0
0.0
0.0
0.3818
0.0
0.0
0.0
0.0
0.3182
0.0
0.0
0.0
0.0
0.0
0.0
0.0
-0.3089
0.0
0.0
0.0
0.0
0.0
0.0
0.0
0.0
0.0
0.0
0.2263
0.0
0.0
0.0
0.6597
0.6597
0.0
0.0
0.6597
0.4019
0.0
0.0
-0.34
0.0
0.4576
0.4404
0.0
0.0
0.0
0.0
0.0
0.0
0.0
0.5574
0.0
0.0
0.0
0.0
0.0
-0.4767
0.0
0.0
0.0
0.7964
0.6597
0.0
0.0
-0.4019
0.4019
0.4019
0.0
0.0
-0.3182
0.6597
0.6597
0.0
-0.25
0.0
0.0
0.0
0.0
-0.1012
0.0
0.5574
0.0
0.0
-0.34
0.0
0.0
0.0
0.0
0.0
0.0
-0.1027
0.0
0.0
0.0
0.0
0.0
-0.2401
-0.6597
0.0
0.1548
0.0
0.4019
0.0
0.0
0.0
0.3818
0.0
0.0
0.0
0.0
0.504
0.34
0.0
0.0
0.34
0.0
0.7096
0.0
0.0
0.0
-0.4767
0.0
0.128
-0.296
0.3182
0.0
0.0
0.1779
-0.296
0.0
0.0
0.4019
-0.6449
0.0
0.0
-0.296
0.6369
0.4019
0.4019
0.4019
0.0
0.0
0.0
-0.5574
-0.5267
0.0
0.0
0.1531
0.0
0.0
0.0
0.4019
0.0
0.0
0.0
0.0
0.0
0.4019
0.0
0.4019
0.0
0.2144
0.0
0.0
-0.4019
0.0
0.0
0.0
-0.2732
0.2263
0.0
0.0
0.4019
-0.0516
0.0
0.0
0.0516
0.0
0.0
0.0
0.2263
0.0
0.0516
0.0
0.4019
-0.2263
0.0
0.0
0.0
0.3182
0.0
0.0
-0.3612
0.4019
0.0
-0.3089
0.2755
0.2263
0.4019
0.0
0.0
-0.2263
0.3832
0.0
-0.4767
0.0
-0.4767
0.0
0.6369
0.5719
-0.34
0.0
0.2263
0.0
0.0
0.0
0.0
0.0
0.0
0.0
0.0
0.0
0.3182
0.4404
0.4019
0.2023
0.0
0.0
0.3182
0.0258
0.0
0.0
-0.1027
-0.4404
-0.3182
-0.5324
0.0
0.0
0.4404
0.0
0.0
-0.296
0.3182
0.0
-0.0613
0.0
0.0
-0.5106
-0.296
0.0
0.0
0.0
0.4019
0.0
0.0
0.0772
0.9169
-0.5719
0.4404
0.0
0.0
0.0
0.4215
-0.5106
0.0
0.0
0.0
0.4404
0.0
0.2411
-0.3182
0.0
0.0
0.0
-0.5719
0.4588
0.0
0.0
0.3818
0.0
0.0
0.0
-0.7003
0.0
-0.2263
0.0
0.296
0.0
-0.7351
-0.4404
0.6249
0.0
0.0
0.0
0.0
0.0
0.0
0.0
0.7783
0.6808
0.3612
0.0
0.3818
0.0
-0.34
-0.25
-0.5423
0.0
0.6486
0.0
-0.2263
0.0
0.0
0.0
0.0
0.0
0.4019
0.0
0.0
0.0772
0.0
0.0
0.0
0.0
0.6771
0.0258
0.0
0.0
-0.4215
0.0
0.0
0.2263
0.0
-0.4019
0.0
0.4404
0.0
0.0
0.0
0.0
0.0772
0.0
0.0
0.0
0.2023
-0.296
0.34
0.0
0.4019
0.0
0.0258
0.0
0.0
0.4019
0.5267
0.0
0.0
-0.2263
0.0
0.0
0.3182
0.5267
-0.2732
0.0
0.0
0.0
0.4019
0.4019
0.4019
0.0
0.0
0.0
0.0
0.4404
0.0
0.0772
0.0
0.0
-0.34
0.0
0.0
0.0
0.0
-0.3291
0.34
0.0
0.4019
0.1779
0.4019
0.0
0.0
0.0772
0.0
0.0
0.0
0.0
-0.2023
0.0
0.2263
0.0
0.0
0.0
0.0
0.0
0.4019
0.4019
0.0
0.3182
0.0772
0.0
-0.4019
0.0
0.0
0.0
0.0
-0.4767
0.0
-0.2732
0.0
0.0
0.0
0.0
0.0
0.0
-0.2057
0.4019
0.0
0.5994
0.4019
0.0
0.0772
0.0
0.0
0.0
-0.296
0.0772
0.0
0.0
0.0
0.0
-0.5423
0.0
0.2263
0.0
0.0
0.0
0.0
-0.0258
-0.6705
0.296
0.0
0.0772
0.0
0.8126
0.0
0.0
0.0
0.0
-0.296
0.0
0.0
-0.296
0.0
0.0
0.0
0.0
-0.296
-0.5106
-0.0772
0.0772
0.0
0.0
0.0
-0.4019
-0.25
0.0
0.4019
0.0
0.4404
0.0
0.0
0.0
0.2263
0.4019
0.0258
0.0
0.4019
0.765
0.0772
0.0
0.0
0.3818
0.6808
0.0
0.0
0.3182
0.0258
0.0
0.0
0.6808
0.2263
0.4019
0.6808
0.0
0.0
0.0
0.6597
0.3612
0.0772
0.0
-0.3612
0.0
0.0
-0.0516
0.0
0.0
0.3612
0.0772
0.0
0.0
0.0
0.0
0.4019
0.0
0.0
0.0
0.0
0.2263
0.0
0.0
0.0
0.0
0.4767
0.0
0.0
0.0
0.4404
0.0
0.0
0.0
0.0
0.0
0.0
0.2263
0.4019
0.0
0.3182
0.0
0.0772
0.0
0.0
0.0
0.0
0.4019
0.4019
0.5423
0.0
0.0
0.0
0.4019
0.6801
0.0
0.0
0.0
0.0
0.0
0.0
0.2023
0.0
0.0772
0.0
0.296
-0.1759
0.0
0.0
-0.2732
-0.296
0.0
0.6908
0.4391
0.0
0.0
0.6124
0.0
0.0
0.4019
-0.296
0.0
0.3612
0.0
-0.3612
0.0
0.0
0.0
0.0
0.0
0.0
0.6478
0.0311
0.6932
0.2924
0.0
0.0
0.0
0.0
0.0
0.0
0.0
0.4019
0.0
0.0
0.0
0.34
0.0772
0.0
0.0
0.296
-0.296
0.0
0.0
0.0
0.0
0.0
-0.1027
0.4767
0.4019
0.0
0.0
0.34
0.0
0.6486
0.4576
0.3612
0.0
0.34
0.4588
0.0
0.4404
0.0
0.5574
0.7783
0.0
-0.3412
0.0
0.4019
-0.296
0.0
-0.296
-0.296
0.0
0.0
0.0
0.5574
0.0
0.0
0.0
0.0
0.0
0.0
0.0
-0.3182
0.0
0.0772
0.0
0.0
0.0
0.0
0.0
0.0
0.34
-0.4404
0.0
-0.128
0.0
0.0
0.0
0.0
0.0772
0.0
0.3182
0.0
0.0
0.34
0.0
0.0
0.3182
-0.128
0.0
0.296
0.6808
0.4019
0.0
0.0
0.0772
0.0
0.0
0.4404
0.2023
0.4019
0.4019
-0.3612
0.0
0.0
0.0
0.6249
-0.2732
0.4215
0.0
0.0
0.0772
0.0
0.0
0.4588
-0.4404
0.0
0.0
0.0
0.0
0.0
0.0
0.0
0.5106
0.0
-0.4767
0.0
0.4019
0.0516
0.0258
0.0
0.0
-0.3818
0.0
0.0
0.0
0.0
0.4019
-0.2263
0.0772
0.0
0.8074
0.6705
0.2263
0.0
0.2263
0.0
0.0
0.0
0.0
0.34
0.0
0.0
0.4404
0.0
0.0
0.0
0.4019
0.0
0.0
-0.022
0.0
0.0
-0.3612
0.0
0.0
0.0
0.0
-0.5812
0.0772
0.0
0.0
-0.3724
0.0
0.0
0.0
0.2263
0.0
0.0
0.8885
-0.4767
0.2732
0.0
0.0
0.0
0.34
0.4019
0.0
0.0
0.0
0.1779
0.0
0.0
0.6808
-0.2732
0.0
0.0
0.0
0.4019
0.7906
0.0
0.7003
-0.765
0.0
0.6486
-0.4019
0.0
-0.296
0.5859
0.0
0.0
0.0
0.0
0.0
0.0
0.0
0.0
-0.4019
0.0
0.0
0.0
0.0
0.0258
0.4019
0.4019
-0.34
0.0258
0.0
0.0
0.0
0.0
0.34
0.0
0.0
0.0
-0.7184
-0.4019
-0.6177
-0.4019
0.0
-0.296
-0.5423
-0.7744
-0.7579
-0.1311
0.4404
0.4404
0.2732
0.0
0.0
-0.5994
0.0
0.0
-0.7601
0.0
0.0
0.0
-0.4767
0.0
0.0
0.7603
0.0
0.0
0.0
0.0
0.4019
-0.5499
-0.1154
0.0
0.0
0.0772
0.0
0.0
0.0
-0.296
0.0
-0.2732
0.4019
0.34
0.4939
0.0
-0.3612
0.9186
0.4019
0.1779
0.4019
0.4019
0.0
0.0
0.0
0.0
0.0
0.0
0.0
0.0
0.0772
0.0
0.3182
0.0
-0.2732
0.3818
0.34
-0.6808
0.4019
0.0
-0.4404
0.0
0.0
0.0
0.0
-0.7351
0.0
0.0
0.0
0.0
0.2755
0.0
0.0
-0.2732
0.4019
0.6369
0.765
-0.296
0.0772
0.0
0.0
0.0
0.3182
0.0
0.0
0.0
0.0
0.0
0.5657
0.0
0.0
0.4215
-0.7003
0.0
0.0
0.0
0.0
0.0
0.3818
0.0
0.0
0.0
-0.6908
0.0
-0.8788
0.0
0.0772
0.0
0.0
0.0
0.0
0.0
0.0
-0.6808
0.0
0.0
-0.2263
0.0
0.0
0.0
0.0
0.2263
0.2263
0.0
0.0
0.0
0.0
0.0
0.4019
0.4019
0.0
-0.092
0.0
0.0
-0.25
0.8316
0.5859
0.0
0.5719
0.4754
0.2755
0.0
0.0
-0.4767
-0.2263
-0.4767
0.0
0.0
0.0
0.4404
0.0
0.0
0.4019
0.0
0.0
0.0
0.0
0.0
-0.0772
0.0
0.0
0.0
-0.2023
-0.34
0.0
0.3182
0.2263
0.0
0.0
0.0
0.0516
0.4019
-0.5423
0.0
0.0
0.0
0.0
0.0
-0.34
0.0
0.0
0.0
0.0772
0.0
0.0
0.0
-0.3182
0.2263
0.0
0.0
0.3818
0.0
0.4019
0.0
0.0
0.0
0.0
0.4019
0.4404
0.4404
0.0
0.0
0.5256
0.0
0.4019
0.2263
0.0
0.0
0.0
0.0
0.0
0.0
0.2263
0.4019
0.4404
0.0
0.4404
0.4404
0.0
-0.4767
0.0
0.0
0.0
0.0
0.0
0.4019
0.0
0.0
0.0
0.0
0.0
0.4019
0.0
0.0
0.0772
0.0
0.0
0.0
-0.296
0.0
0.0
0.2263
0.4404
-0.3612
0.0
0.0
0.2023
0.0
0.0
0.3818
0.0
0.0
0.0
0.0
0.0
0.3182
-0.1531
0.34
0.0
0.0
0.0
0.0
0.0
0.0
0.0
0.0
0.2263
0.2263
0.0772
0.0
0.296
0.0
0.0
-0.2204
0.0
-0.0018
0.0
0.296
0.0772
-0.4767
0.0
0.0772
0.0
-0.4019
0.0772
0.0
0.0
0.3182
0.0
0.2263
-0.0772
0.0
0.4019
0.0243
0.0
0.0
0.4005
0.0
0.0
0.0
0.0516
0.0
0.0
0.4215
0.0
0.0
0.4019
-0.296
0.0
0.0
0.0
0.0
0.0
0.0
0.0
-0.0423
0.0
0.0
-0.0516
0.0
0.0
0.0
0.0
0.0
0.0
0.0
0.0
-0.1779
-0.4767
0.4019
0.0
0.0
0.0
0.3612
0.0
0.0
0.4019
-0.5106
-0.0516
0.0
0.0
0.0
0.0
-0.4215
-0.4019
-0.296
-0.4019
-0.0772
0.4404
0.0
0.3612
0.0
-0.2584
0.1779
0.4019
-0.4019
0.0
0.0
0.0
0.3818
0.296
0.0
0.0
0.0
0.0
0.0
-0.296
-0.4199
0.0
0.0
-0.4215
0.0
0.0
0.5095
0.3182
0.0
0.0
0.0
0.0
0.0
0.0
0.0
0.0
0.34
-0.5106
0.0
0.0
0.0
0.7096
0.0
0.0258
-0.4767
0.466
0.0
0.0
0.0
0.0
0.0
0.0
0.0
0.0
0.4404
0.0
0.0
0.0
0.0
-0.3182
0.3182
-0.2263
0.0
0.0
0.4404
0.0
0.3818
-0.4767
0.0
0.0
0.0
0.0
0.3182
0.0
0.0
0.4019
0.0
-0.2924
0.4215
0.0
0.0
0.0
0.0
0.4404
0.0772
0.0
0.0
0.4522
0.0
0.0
0.296
0.0
-0.1531
-0.1779
0.0
-0.2023
0.34
0.0
0.0
0.2263
0.0124
0.0
0.4019
0.0
0.4404
0.0
0.3182
-0.34
0.3182
-0.3612
0.0
0.0
0.0
-0.1531
0.0
0.4019
0.3612
0.0
-0.7845
0.4404
0.0
0.0
0.0
0.2144
0.0
0.0
0.0
0.0
0.5994
0.0
0.0
0.3612
-0.296
0.0
-0.3182
0.0
0.4588
0.6486
0.4404
0.0
0.0
0.0
0.0
0.4019
0.0
0.0
0.2732
0.0
0.3818
0.0
0.0
0.0772
0.0
0.4019
0.0
0.4767
0.0
0.0
0.0
0.2023
0.0772
0.0
0.0
0.0
0.0
-0.5423
-0.5423
0.0
0.0
0.2263
0.0
0.3182
0.0
0.5267
0.0
-0.34
0.0
0.0
0.0
0.0
0.0
0.0
0.0
0.0
0.0
0.0
0.4019
-0.4767
0.0
-0.4019
0.1027
0.2263
0.0
0.0
-0.296
0.2057
0.0
0.0
0.4019
0.0
0.0
0.0
-0.0675
-0.3612
0.2732
0.0
0.3818
0.0
-0.5106
-0.4767
-0.3182
0.3182
-0.4767
0.4019
0.296
0.0
0.0
0.4215
0.4215
0.0
0.0
0.0
0.0
0.0
0.0
0.0
0.6668
0.0
0.0
-0.2924
0.0
0.0
0.0
0.0
0.128
0.0
0.34
0.0
0.0
-0.7096
0.0
-0.5106
0.4927
-0.4215
0.5106
0.0
0.0
0.0
0.6588
0.0
0.0
0.0
0.0
-0.2023
0.0
0.0
0.0
0.0
0.0
-0.5106
0.0
0.0
0.0
-0.4404
0.0
0.0
0.0
0.0
-0.296
0.0
0.0
0.4019
0.0
0.0
0.4404
0.4404
0.0
-0.296
0.0
-0.8126
0.0
0.4404
0.0
0.0
0.0
0.1695
-0.2023
0.296
0.0
0.0
0.296
0.0
0.0
0.0
0.0
0.0
0.0
0.0
-0.296
-0.3089
0.0
0.0
0.3412
0.34
0.0
0.0
0.0
0.0
0.0
0.0
0.0
0.0772
0.0
0.2263
0.4404
0.0
0.5831
0.0
0.0
0.0
0.0
0.9022
0.0
0.0
0.0
0.0
0.0
0.0
0.4404
0.0
0.2263
0.0
0.4019
0.0
0.3818
0.0
0.4019
0.7783
0.4019
-0.6908
-0.0772
0.0
0.0
0.1779
0.0
0.0
0.0
0.0
0.0
0.0772
0.0
-0.2732
0.0
-0.1027
-0.296
0.5043
0.4215
0.0
-0.4019
0.0
-0.3875
0.0
0.4019
-0.4215
0.1531
0.0
0.0
0.0
0.0
0.6124
0.4767
0.0
0.2023
0.0
0.0
0.3182
-0.3612
0.0
0.0
0.0
0.0
0.0
0.4019
0.0
0.0
-0.296
0.0
0.0
-0.2732
-0.3182
0.0772
0.0
0.0
0.0
-0.2023
0.0772
0.0
0.0
0.0
0.0
0.0
0.4019
0.2263
0.0
0.0
0.4404
0.34
0.0
0.0
0.0
0.0
0.0
-0.6369
0.4019
0.0
0.0
0.0
0.0
0.0
0.4404
0.0
0.0
0.0
0.0
0.0
0.0
0.0
0.4019
-0.3612
-0.4717
0.0
0.0
0.0
0.0772
0.0
0.3182
-0.5165
0.0
-0.4019
0.0
0.0
0.0
0.0
0.0
0.0
0.0
0.0
0.0
0.2023
0.0
0.0
0.0
0.0
0.0
-0.296
-0.6002
0.0
0.0
0.0
0.0
0.4019
0.0
-0.3612
0.0
0.296
0.0
0.0
0.0772
0.0
0.0
-0.296
0.0
0.1779
0.0
0.0
-0.4404
0.0
-0.5423
0.0
0.0
0.0
0.0
0.0
0.0
0.4019
0.34
0.6808
0.4019
0.0
0.0
0.0772
0.0
0.0
0.0
0.0
0.0
0.0
0.0
0.0
0.128
0.0
-0.2023
0.0
0.0
0.0
0.4404
0.0
0.0
0.0258
0.0
0.0
0.4404
0.0
0.0
0.0
0.0
0.0
0.4404
0.0
0.0
0.0
0.0
0.4019
0.0
0.0
0.296
-0.8316
0.0
0.0
0.0
0.0
0.4019
0.0
0.0
-0.296
0.0
0.3818
-0.296
-0.3612
0.0772
0.0
-0.0772
0.0
0.0
0.0
0.3182
0.4019
0.4404
-0.4023
0.0
0.0
-0.2732
0.0
0.0
-0.296
0.0
0.3612
0.0
-0.5859
0.0
-0.2732
0.0
0.6808
-0.2263
0.0
0.0
0.0
0.0
0.4404
0.0
-0.4019
-0.296
0.0
0.0
0.6597
0.0
0.0
0.0
-0.4215
0.5766
0.0
-0.2023
0.0
-0.4939
0.0772
0.3182
0.4019
0.0
0.0
0.0
0.0
0.0772
0.0
0.0
0.0772
0.0
0.0
0.0
0.4404
0.3182
0.2263
0.0
0.0
0.4019
0.0
0.0
0.0
-0.5267
0.5994
0.0
-0.0516
0.0
0.0
0.0
0.0
0.0
0.0
0.4588
0.0
0.4019
0.0
0.0
0.0
0.0
0.4404
-0.2732
0.34
0.0
0.0772
0.0
0.0
-0.4767
0.0
0.0
0.0
0.0
0.0258
0.0
0.0
0.0772
0.0
0.0
0.0
0.0
0.0
0.0
0.0
0.0
0.0772
0.0
0.0
0.0
0.0
0.0
0.0
0.4019
0.0
0.3182
-0.016
0.0
0.0
0.4019
0.0
0.0
0.0
0.0
0.0
-0.4404
0.0
-0.4215
0.0
0.0
0.0
0.0
0.0
0.0
0.0
0.0
0.0
0.296
0.34
-0.34
0.0
-0.4019
-0.3612
0.0
0.0
0.0
0.0
0.0
0.0
0.0
-0.1779
-0.5106
-0.7845
-0.7906
0.34
-0.296
0.0
0.0
0.0
-0.8225
0.0
0.296
0.0
0.0
-0.1877
0.0258
0.0
0.0
0.0
0.0772
0.0
0.3818
0.0
0.0
0.0
0.0772
0.0
0.3182
0.2263
0.0
-0.0516
0.3182
0.4019
0.0
0.0
0.0
-0.4404
0.0
0.4215
0.0
0.0
0.0
0.0
0.0
0.4019
0.0
0.0
0.0
-0.5849
0.0
0.0
0.6124
0.0
0.0
0.0
0.0
0.0
0.4019
-0.5423
0.4019
0.4939
0.4404
0.0
0.4404
0.0
0.0
0.0
0.0
0.0772
0.0
0.0
0.0
0.0
-0.0772
0.3818
0.0
-0.3182
0.0
0.0
0.0
0.0
0.0
0.0
0.5106
0.0
0.0
0.6597
0.0
0.0
0.0
0.0
-0.1695
0.4019
0.4404
0.0
0.0
0.6369
0.0
0.0
0.0
0.4404
-0.296
0.0
-0.4404
0.0772
0.0
0.5423
0.2263
0.5267
0.0
0.0
0.0
0.0
0.0
0.0
0.0
0.0
0.0
0.0
0.4005
0.4404
0.0
0.0
0.0
0.0
0.0
0.0
0.0
-0.296
0.0
-0.2732
-0.2023
0.2263
0.0
0.0
0.2263
0.4019
0.0
0.0
0.1027
0.2263
0.4019
0.0
0.0
0.0
0.3182
0.4019
-0.4588
0.4019
0.0
0.0
0.3182
0.0
-0.2732
0.0
0.0772
0.0
0.4019
0.1901
0.0
0.0
0.34
0.0
0.0
0.0258
-0.34
0.0
0.0
0.0
0.0
0.0
0.0
0.0
-0.296
0.0
0.0
0.4019
0.0
0.3818
0.0
0.0
0.0
0.0
0.5276
0.4404
0.4019
0.1992
0.0
0.0
0.2732
0.0
0.0
0.0
0.2755
-0.1531
0.0
0.4019
-0.296
0.4019
0.0
0.2732
-0.2732
-0.5994
0.0
0.0
0.0
0.0
0.128
0.4215
0.0
0.4215
0.0
0.0772
0.0
0.4019
0.0
0.0
0.4019
0.0
0.296
-0.6597
-0.3612
-0.2584
-0.296
0.0
0.0
0.2263
0.128
0.34
0.4404
0.0
0.0
0.0
0.0
0.0
-0.34
0.0772
0.0516
0.4019
-0.6124
0.0
0.0516
0.3182
0.0
0.0
0.0
0.0
0.0
-0.7269
0.0
-0.34
0.0
0.4404
0.34
0.0772
0.0
0.0
-0.6636
0.0
0.0
0.0
0.6808
-0.296
0.0
0.0
0.5267
0.6369
0.0
-0.0772
0.2263
0.0
0.6369
0.4588
-0.0516
-0.296
0.4019
0.128
0.0
0.4404
0.0
0.0
0.34
0.4939
0.0
0.0
0.0
0.0
0.0
0.4019
0.0
0.0
0.0
-0.0516
0.4019
0.0772
0.0
0.0
-0.6523
0.2411
0.0
0.0
0.0
0.3612
0.1027
0.6124
0.0
0.0
0.0
0.0
0.0
0.0772
0.0
0.0
0.0
0.0
0.5574
0.0
0.0
0.0
0.4404
0.0772
0.0
0.0
-0.3875
0.3612
0.0
0.0
0.4019
0.2263
0.0
0.0
0.0
0.0
0.0
0.0
0.2411
0.0
0.0
0.34
0.2732
0.128
0.0
0.4019
-0.6486
-0.296
0.0
0.0
0.4019
0.0
0.1406
0.91
0.0
-0.2263
0.7137
-0.0258
0.0
0.2263
0.4588
0.0
0.34
0.0
-0.34
0.0
-0.7003
0.2263
-0.296
0.0
0.0
0.0
0.0
0.0
0.0516
0.0
0.0
0.0
0.2263
-0.2263
0.0
0.0
0.0
0.0
0.0
0.0
0.0
0.0
0.0
0.0
0.0
0.0
0.0
0.0
0.34
0.0772
-0.2732
-0.3041
-0.2263
0.2263
0.0
0.0
0.0
0.0
0.4019
0.0
0.0
0.0
0.0
-0.3612
0.128
0.2263
0.0
0.34
0.4019
0.0
0.0
-0.296
0.0
0.0
0.0
-0.4939
0.3182
0.0
0.0
0.1635
0.0
0.3818
0.0
0.0
-0.4767
0.0
0.2023
0.0
0.3182
0.34
0.2263
0.2263
-0.2732
0.0
-0.3182
0.0
0.0
0.0
0.0
0.0
0.0
-0.3612
0.0
0.0
-0.296
0.0772
0.0
0.0
0.2263
0.0
0.4215
-0.5423
0.0
0.0
0.0
0.2584
0.4019
0.3818
0.0
0.0
-0.4767
0.0
0.0
0.0
0.0
-0.5423
0.296
0.0
0.0
0.0
0.4019
-0.4215
0.0
0.0
0.0
0.0
0.0516
0.0
0.4019
0.0
0.3818
0.6738
0.4404
-0.0516
0.0
0.0258
0.0
0.0
0.0
0.0
-0.4404
0.0
0.0
0.0
0.0772
0.0
0.2023
0.2023
0.2263
0.4019
0.0
0.0
0.0
0.4404
0.0
0.0
0.0
0.0258
0.0
0.0
0.0
0.0
0.0
0.4005
0.7696
0.5106
0.0
0.4019
0.4019
0.0
-0.1531
0.6369
0.0
0.0
0.0
0.0
0.0
0.0
-0.34
0.0
0.1027
0.5116
0.4019
0.0
0.0
-0.0772
0.4019
0.0
0.4767
0.0
0.4404
0.0
0.0
0.0772
0.0
0.0
0.128
0.3182
0.4019
0.0
0.34
0.0
0.1027
0.0
0.0
0.0
-0.2263
0.2263
0.2263
0.0
0.0
0.4019
0.0258
0.0
0.0
0.0
0.0
0.0
0.296
-0.6369
-0.2924
-0.5719
0.0
0.0
0.0
0.0
0.0
0.0
0.0
0.0
0.0
0.34
0.0
0.0
0.0772
0.0
0.0
0.0
0.0
0.4019
0.0
0.4019
-0.296
0.0
0.0
-0.296
0.0
0.0
-0.4404
0.4019
0.0
0.0
-0.296
0.5276
0.4404
0.4767
0.743
0.34
0.0
0.2263
0.3818
0.0
0.4019
0.0
0.0
0.25
0.0
0.0
0.0
0.0
0.0
-0.296
0.2263
-0.3612
0.0
0.0
0.0
0.0
0.0
0.0
0.6031
0.3818
0.4019
0.0
0.0
0.0
0.0
0.4019
0.0
-0.1979
0.5267
0.0
0.0
0.0
0.0
0.1326
-0.0772
0.0
0.0
0.0
0.0
0.0
-0.3182
0.0
0.0
0.0
0.0
0.0
0.0
0.0
0.0772
0.0
0.0
-0.3182
0.0
0.0
0.0
0.4019
0.0
0.0
0.0
0.0
0.2263
0.2584
0.0
0.0
-0.2732
0.0
0.0
0.0
0.4019
0.0
0.4019
0.0
0.34
-0.2584
0.0
0.0
0.0
-0.34
-0.3089
0.0
0.0
0.0
0.0
0.0
0.6486
0.0
0.0258
0.0
-0.5423
0.0258
-0.2411
0.0
0.3182
0.0
0.0
-0.6808
0.5574
0.7579
0.0
0.0
0.0
0.0
0.0
0.0
0.0
-0.5423
0.0772
0.0
0.0
0.0
0.0
-0.2732
0.4215
0.0
0.0
0.0
0.0
0.0
-0.4767
-0.4019
0.296
0.3291
0.0
0.3818
-0.2023
-0.4767
-0.1779
0.0
0.3182
-0.0258
0.0
0.2023
0.4019
0.0
-0.6908
0.0
-0.296
0.0
-0.3089
0.0
0.4404
0.0
0.0
0.0
0.0
0.0
-0.4549
0.0
0.0
0.0
0.4019
0.4019
0.0
0.0
0.0
0.0
0.0
0.4019
0.4019
0.0
0.4019
0.0
0.0
0.0
0.0
-0.4588
0.0258
0.0
0.0
0.0
0.4019
0.0
0.4404
-0.296
0.0
0.5423
0.0
-0.296
0.4019
0.0
-0.2732
0.128
0.0
0.0
0.0
0.0
-0.2057
0.0
0.0
0.4019
0.0
0.0
0.5106
0.0
0.0
-0.296
0.0
0.0
0.0
0.4019
0.3818
0.0
0.0
0.5994
0.0
0.6369
0.0
0.0
0.4019
0.0
0.0
0.0
0.0
0.0
0.0
0.0
0.0
0.0
0.0
0.0
0.0
0.0
0.0
0.0
0.0
0.0
-0.296
0.0
0.0
0.0
0.4404
0.0
0.0
0.296
0.34
0.3818
0.0772
0.0
-0.6597
0.0
0.0
-0.5423
0.4019
0.0
0.0
0.4019
0.4019
0.0
0.3182
0.0
0.3182
0.0
0.0
0.0772
0.0
0.0
0.0
0.0
0.0
0.0
0.0
0.0
0.0
0.0
0.0
0.296
0.0
0.0
0.4019
0.1531
0.0258
0.0
0.0
0.0772
0.0
0.0
0.0772
0.0
-0.5423
0.0
0.0
0.2714
0.4404
0.0
0.7003
-0.296
0.0
0.0
0.0
-0.4404
0.1326
0.0
-0.5267
-0.25
0.0
0.4019
0.0
0.0
0.0
0.0
0.4404
0.0
0.0
-0.4019
0.0
0.4404
0.0
0.0
0.0
0.0
0.0
-0.1318
0.0
0.2263
0.0258
-0.3182
0.0
-0.0572
0.0
0.0258
0.0
0.4404
0.0
0.0
0.0
0.34
0.6249
0.0
0.0
0.3182
0.0
0.0
0.0
0.0
0.4019
0.0
0.0
0.0
0.0
0.0
0.0
0.0
0.0
0.0
0.0
-0.3182
0.0
0.0
0.0
0.0
0.0
0.0
0.0
-0.296
-0.0772
0.2263
-0.128
-0.2023
-0.1531
0.0
0.0
0.0
0.0
-0.296
0.4019
0.0
0.0
-0.5423
0.0
0.0
0.0
0.0
0.3182
0.4404
0.34
0.0
0.0
-0.5423
0.0772
0.0
0.0
0.0
0.0
0.0772
0.0
0.0
0.0
0.0
0.2263
0.0
0.296
0.296
0.0
0.0
0.3182
0.0
-0.4939
0.5574
0.0
0.4019
0.2263
-0.296
-0.5423
0.0
-0.2023
0.2263
0.3832
0.0
0.0
0.0
0.0
0.0
0.6124
0.0
0.0
0.0
-0.2263
0.0
0.0
-0.4767
0.0
0.5719
0.0
0.1068
0.0
0.4019
0.0
0.0
0.0
0.0
0.0
0.4019
0.0
0.0
0.0498
-0.4019
-0.2255
-0.4019
0.0
0.2263
0.0
0.0
0.0
0.0
0.2263
-0.0525
0.4019
0.0
0.0
0.2263
0.0
0.4404
0.0
0.0
0.0
0.0
0.0
0.0
0.34
0.0
0.0772
0.0
0.0
0.0
0.4019
0.0
0.0
0.34
0.0
0.0
0.2263
0.4019
0.4019
0.0
-0.34
0.0
0.4019
0.0
-0.5423
0.0
0.0
0.0
-0.6249
0.0
0.0
-0.2263
0.0
0.0
0.2023
0.4019
0.34
0.5095
0.34
0.4019
0.0
0.0
0.0
0.0
0.4019
0.0
-0.802
-0.34
0.0
0.0
0.0
0.0
0.0
0.4019
0.0
0.5095
0.4019
0.0
-0.765
0.4404
0.0
0.5859
0.0
0.4019
0.34
0.34
0.0
0.0
0.2263
0.0
0.0
0.0
0.0
0.0
0.0
0.0
0.0
0.3182
0.0
0.5859
0.0
0.0
0.0
-0.4019
-0.3612
0.0
0.0
0.0
0.0
0.0
-0.4588
-0.5859
0.0772
0.0
0.0
-0.5849
0.0
0.4019
0.0
0.0
0.0
0.0
0.0
0.6808
0.0
0.0
0.4404
0.0
0.0
0.0
0.2023
0.0
-0.2732
0.0
0.0
0.3182
0.0
0.0
0.0
0.0
0.0
0.0
0.0
0.0
0.0
-0.7003
0.0
0.0772
0.0
0.0
0.0
0.0
0.0
0.3818
0.128
0.2263
0.0
0.0
0.0
-0.4404
0.0
0.4019
0.0
0.4019
0.0
0.0
0.0
0.0
0.0
0.0
0.0
0.4019
0.0
0.4019
-0.3687
0.0
0.0
0.0
0.0
0.0
0.0
0.0
0.0
0.0
0.0
0.0
0.0
0.0
0.0
-0.4019
-0.4019
0.0
0.0
0.0
-0.5423
0.0
0.0
0.0
0.0
-0.3089
0.0
-0.5574
0.0
0.0
0.0
0.0
0.0
0.6486
0.0
0.0772
0.0
0.0772
0.0
0.0
-0.296
0.296
0.0
0.0
0.0
0.4404
0.0
0.0
-0.4404
0.0
0.0
-0.3612
0.0
-0.3089
0.0
0.2732
0.0
0.0
0.0772
-0.3612
0.0
0.0
0.0
-0.4767
0.0
0.0
0.4404
0.0
0.0
0.0
0.0
0.0
-0.5106
0.0
0.0
0.0
0.0
0.0
0.0
0.0
0.0
-0.4404
0.0
0.0
0.0
-0.0772
0.0
-0.4404
-0.7906
0.0
0.0
0.0
0.0
0.0
-0.4404
-0.936
-0.5267
-0.7543
-0.4767
0.0
-0.4404
0.0772
0.0
0.0
-0.4767
-0.1027
0.0
0.0
0.0
0.0772
0.0
0.0
0.0
-0.3089
0.2263
0.0
0.0
-0.5106
0.0
0.3182
0.25
0.5267
0.0
0.0
0.0
0.0
0.0
0.0
0.3612
0.0
0.4019
0.0
0.539
0.0
0.0
0.0
0.0
0.0
0.34
0.0
0.0
0.0
0.2411
0.0
0.0
0.0
0.0
0.0
0.296
0.0
0.0
-0.296
0.0
0.0
0.0
0.0
-0.4019
-0.4019
0.0
0.0936
0.34
0.0
0.0
0.0
0.296
0.0
0.0
0.0
0.4019
0.0
0.0
0.0
-0.4588
0.0
0.0772
0.0
0.0
0.0
-0.1027
0.0
-0.1862
0.0
0.0
0.0
-0.34
0.0
0.0
-0.0772
0.0
-0.4019
0.4404
0.3818
0.0
0.4404
0.0
0.4404
0.0
-0.1999
0.0
0.0
0.0
0.4404
0.0
0.4019
0.0
0.0
0.3818
0.4019
0.0
0.0
0.0
-0.4404
0.0
0.0
0.1531
0.0
0.438
0.0
-0.4767
0.0
0.4019
0.4019
0.0
0.0
0.4019
0.4019
0.0
0.0
0.0
0.0
0.4019
0.0
0.34
0.0
0.0
0.3818
0.0
-0.3612
-0.4549
-0.296
0.1779
0.0516
0.4019
0.34
0.0
0.0
-0.3612
0.4019
-0.2732
-0.4404
-0.2023
-0.4417
-0.3182
0.0
-0.2023
0.0
-0.296
-0.296
0.0
0.5773
0.0
0.34
0.3182
0.0
0.0
0.0
0.0
0.0
-0.2023
0.0
-0.4019
0.0
-0.25
0.2263
0.0772
0.0
0.0
-0.2732
0.0
0.1779
0.0
-0.34
0.3182
0.0
0.0
0.4404
-0.4019
-0.25
0.0
0.0
0.4019
0.0
0.0
0.0
0.0
0.0
-0.2023
0.0
-0.34
0.2584
0.0
0.0
0.0258
0.0
0.296
0.0
0.0
-0.3412
0.0
0.0516
0.34
0.0
-0.296
0.0
0.4019
0.0
0.0
0.0
0.0
0.0
0.0
0.0
0.0
0.0
0.0
0.4404
-0.4019
0.6369
0.0
0.0
-0.5106
0.2714
0.5859
0.4019
0.4404
0.0
0.3804
0.0258
0.0
-0.2732
0.0
0.2263
0.0
-0.5423
0.2023
0.0
0.4019
0.0
0.0
0.0
0.0
0.0
0.0
0.0
0.0
0.0
0.0
0.3182
-0.4404
0.0
0.0
0.0
0.0
0.0
0.0
-0.5106
0.34
0.0
0.0
-0.1531
0.5709
0.4019
0.0
0.4019
0.0
0.0
0.0
0.0
0.0772
0.0
0.0772
0.0
0.34
0.0
0.3818
0.4404
0.0
-0.3919
-0.3919
0.0
0.0
0.0
0.0
-0.5849
0.0
0.0
0.0
0.0
0.0
0.0
0.0
0.0
0.4404
0.0
-0.4767
0.0
0.0
0.0
0.0
0.0
0.4404
0.0
-0.5994
-0.5994
0.0
0.0
0.0
0.0
0.0
0.0
0.0
0.4019
0.0
0.0
0.0
0.0
0.4847
-0.2732
-0.3182
0.0
0.0
0.4215
0.0
-0.296
0.0
-0.5423
0.0
0.6249
0.3089
-0.296
-0.296
0.0
0.0
0.4404
0.0
0.0
0.0
0.4019
0.0
0.0
0.0
0.0
0.0
0.0
0.0
0.0
0.0
0.0
0.0
0.0
0.0
0.4019
0.4404
0.0
0.4019
0.0
0.296
0.0
0.0
0.4939
0.0
0.0
0.0
0.0
0.0772
0.0
-0.34
0.0
0.0
0.4019
0.1531
0.0
0.0
-0.4767
0.3182
0.0
0.0
-0.296
0.4019
0.0
0.0
0.2263
-0.4767
-0.3612
0.0772
0.0
0.34
0.3832
0.0
0.0
0.0
0.0
0.0
0.0
-0.3612
0.0
-0.1027
0.0
0.0
-0.1531
0.0
0.0
0.0
0.0
-0.4404
-0.4019
0.0
0.0
-0.34
0.0
0.3818
0.0
0.0
0.0
-0.4767
0.0
0.0
0.0
0.0772
0.0
0.0
0.0
0.0
0.0
0.0
0.4019
0.0
0.0
0.5473
0.0
0.0
-0.3182
0.0
0.0
0.0
0.0
0.0
0.0
0.34
0.0
-0.4939
0.2023
0.34
0.0
0.0
-0.1548
0.0
0.0
0.0
-0.296
0.0
0.0
0.0
0.0
0.0
0.4019
0.0
0.3182
0.0
0.4019
0.0
0.0
0.0
0.0
0.3182
0.0
0.0
-0.5583
0.7964
0.0
0.0
0.0
0.0
0.0
0.4019
0.0
-0.2263
-0.2263
0.0
0.0
-0.296
0.0
0.0
-0.296
-0.4019
0.0
0.0
0.0
0.0
-0.296
-0.1513
0.0
0.0
0.2263
0.0
0.0
0.0
0.6249
0.0
0.0
0.0516
0.376
0.2263
0.4019
0.1129
-0.296
0.0
0.0
0.0
0.5358
0.0
0.1901
0.0
0.0
0.0
0.0
0.0
0.0
0.0
0.0
-0.3612
0.0
0.0
0.0
0.0
-0.1531
0.0
0.0
0.296
0.0
0.0
0.4939
0.0
0.0
0.4019
0.1779
0.0
0.3182
0.0
0.0
0.0
0.0
0.0
0.0
0.0
-0.4404
-0.296
0.0859
0.0
0.0
0.0
0.0
-0.4019
-0.25
0.0
-0.296
0.0
0.0
0.5473
0.0
0.0
0.0
0.0
0.0
0.5994
0.0
0.0
0.0
0.0
-0.1531
-0.0173
0.4745
-0.2023
-0.2732
0.0
0.0
0.1695
0.4404
0.0
0.0
0.0
-0.2023
0.0258
0.2247
0.34
0.0
0.5868
0.34
0.0
0.4404
-0.4019
-0.296
0.0
0.0
0.4215
0.4033
-0.296
0.836
0.0
0.0
0.0
0.0
-0.0516
0.0
0.0
0.0
0.0
0.0
-0.2023
0.0
0.0
0.0
0.0
-0.5267
0.0
0.0
0.0
0.0
0.4549
0.0
0.0
0.6369
0.0
0.0
0.0
0.0
0.0
0.0
0.0
0.0
0.0
0.0
0.0
0.0
0.0
0.0
0.0
-0.2263
0.1779
0.0
0.0772
0.4019
0.0
-0.296
0.0
0.0
0.2411
-0.0772
0.0
0.0735
0.0
0.34
-0.2382
0.0
0.0
-0.25
0.0
0.0
0.0
0.0
0.0
0.0
0.0772
0.0
0.4019
0.0
0.296
0.34
0.3818
-0.2732
-0.2732
0.0
0.0
0.4019
0.5267
0.0772
-0.2411
0.2247
0.0
0.4404
-0.2487
0.0
0.0
-0.296
0.0
-0.1531
0.0
0.0
0.0
0.0
0.6597
0.0
0.0
0.0
0.4215
0.4019
0.0
0.0
0.0
0.4767
0.0
0.0
0.0
0.5473
0.0
-0.5423
0.4404
0.0
-0.296
0.0258
-0.1027
0.0
0.0
0.0
0.0
0.0
0.0
0.6808
0.0
0.0
0.0
0.4404
0.0
0.0
0.4019
0.4019
0.3818
0.0
0.0
0.2023
-0.3818
-0.5423
0.4019
0.0
0.4019
-0.4767
0.0
0.0
0.0
0.0
0.0
0.0
-0.2023
0.5233
0.0
0.0
0.2263
0.0
0.0
0.0
0.0
0.0
0.0
0.0
-0.7096
-0.4404
-0.5423
0.0
0.5859
0.3415
0.0
0.0
0.9509
0.0
0.0
0.0
0.0516
-0.3612
-0.5423
-0.4939
-0.4939
0.0
0.0
0.0
0.0
0.34
0.0
0.3182
0.4019
0.0
0.0
0.0
0.34
0.0
0.0
0.0
0.4019
0.0
-0.0772
0.0
0.0
0.0
0.0
0.0
0.0258
0.0
0.0
0.0
0.0258
0.0
-0.5106
-0.296
0.0
-0.2023
0.0
0.0
0.0
0.0258
0.0
0.4404
0.0
0.0
0.34
0.0
0.0
0.0258
0.4588
0.0258
0.0
0.0
0.0
0.0
-0.1779
-0.4767
0.0772
0.0
-0.0469
0.0
0.0
0.0
0.0
0.0
0.0
0.0
0.0
0.2732
0.0
0.0
0.128
0.4019
0.4019
0.4019
0.0
0.0
0.0
0.0
0.0
-0.5423
0.0
0.0
0.2263
0.0
0.0
0.0
0.4215
0.0
0.0
0.4391
0.0
0.0
0.0
0.0
0.0
-0.34
0.1779
0.0
0.0
0.0
0.0
0.0
-0.2023
-0.2023
0.0
0.0
-0.5106
-0.516
0.2584
0.0
0.0
0.0
0.0
0.0
0.0
0.0
0.0
0.0
0.0
0.0
-0.2023
0.0
0.0
-0.4404
0.0
0.0
0.0
0.0
0.4019
0.0
0.0
0.0
0.4019
0.0
0.0
0.0
0.0
0.0
0.0
0.2263
0.0
0.0772
0.0
0.4574
-0.1027
0.4404
0.0
0.0
0.0
-0.34
0.0
-0.5719
0.2263
-0.3612
0.4404
0.4019
0.0
0.0
-0.4767
0.0
0.4404
0.0
0.0
0.0
0.0
-0.7003
0.4976
0.0
-0.296
0.4019
0.0
0.0
0.0
0.0
0.0
0.2732
0.3446
-0.296
0.0
0.0
0.0
0.0
0.0
-0.5423
0.0
0.0
0.0
0.7269
0.0
0.5574
0.0
0.0
0.0
0.4019
0.0
0.4404
0.0
0.0
-0.0516
-0.5859
-0.4019
0.0
0.0
0.0
0.0
0.0
0.0
0.0
0.0
0.0
0.0772
0.0
0.0
0.0
0.0772
0.0
0.0
0.0
0.3818
0.0
0.0
0.0
0.0
-0.296
0.0
0.34
0.0
0.0
0.0
0.0
0.0
-0.2732
0.5574
0.0
0.0
-0.4767
0.0
0.2263
-0.296
0.0
0.0
0.2263
0.0
-0.2263
0.0
0.0
0.0258
0.0
0.7096
0.0
0.0
0.5423
0.2263
0.2263
0.0
0.0
0.25
0.1134
0.4404
0.0
-0.296
0.0
0.0
0.0
0.4019
-0.5106
-0.5106
-0.1027
0.2023
0.0
0.0
0.0
0.0
-0.4767
0.0
0.0
0.0
0.34
-0.296
0.0
0.0
0.1326
-0.4019
0.2263
0.0
0.0
0.0
-0.296
0.2023
0.0
-0.5719
0.0
-0.4019
0.0
0.0
0.4019
0.0
0.4019
0.6249
0.0772
0.0772
0.0
0.0
0.0
-0.4767
0.296
0.0
0.0
0.0
0.0
0.0
0.0
-0.4019
0.3182
0.3071
0.0772
0.0
0.34
0.0
-0.4767
0.4019
0.0
0.0
0.0
0.0
-0.34
0.0
-0.0772
0.4019
0.0
0.0
0.0
0.0
0.0
0.0
0.0
0.0
-0.3612
0.0
-0.4215
0.0
0.0
0.0
0.0
-0.5574
0.0
0.0
0.5719
0.0
0.3612
0.0
0.0516
0.0
0.0
0.0
-0.5423
0.0
0.0
0.0258
0.0
0.0
0.0
0.0
0.3612
0.0
0.0
0.0
0.0
0.0
0.0
0.0
0.0
0.0
0.2263
-0.3182
0.0
0.0
0.0
0.0
0.0
0.0
0.0
0.0772
0.0
0.0
-0.2023
0.0
-0.0772
0.4404
0.0
0.0
0.0
-0.3089
-0.8555
0.0
0.3182
-0.1027
0.0
0.4767
-0.128
0.0
0.0
0.0
0.0
0.0
0.3612
0.0
0.0
0.0
0.0
0.0
0.0
-0.4019
0.0
0.1779
0.0
0.5994
0.0
0.0
0.0
0.0
0.0
0.0
-0.34
0.0
0.0
0.0
-0.0356
0.0
0.0
0.0
0.4019
0.0
0.0
0.0
0.0
0.4019
0.0
-0.5423
0.0418
0.34
0.0258
0.0
-0.4019
0.4404
0.0
0.0
0.0
-0.296
0.0
0.0
0.0
0.0
0.0
-0.4019
0.0
0.6697
0.0
0.0
0.3182
0.34
0.0
-0.5719
0.0
0.0
0.0
0.0
0.0
0.4019
0.0
0.0
0.5171
0.0
0.0
0.0
0.0
0.0
0.4404
0.0
0.0
0.2732
0.0
0.0
-0.25
0.4019
0.0
0.0
0.0
0.0
0.0
0.0
0.4019
-0.1531
0.0
-0.4019
0.0772
0.0
0.0
0.1779
0.0
-0.6249
0.0
0.4215
-0.4201
0.0
0.0
0.0
0.0
0.4005
0.0
0.0
0.5719
0.0
0.0
0.0
0.0
-0.4019
0.0
0.0
-0.6249
-0.0516
-0.6124
0.0
-0.3867
-0.5504
0.9339
0.0
0.0
0.0
0.0
-0.3612
0.0
-0.4215
0.6369
0.3818
-0.34
0.0
0.0
0.0
0.0
0.4019
0.0
0.0
0.0772
-0.3612
0.0
-0.0516
0.0
0.0
0.5859
0.0
0.4019
0.4019
0.0
0.3182
0.4019
0.4019
-0.2263
0.0
0.4019
-0.2732
0.4404
0.0
0.0
0.0
0.3612
0.0
-0.8922
-0.5423
0.0382
0.0
0.2263
0.0
0.4019
0.4019
-0.34
-0.2235
0.0516
0.0
0.0
0.0
-0.2023
0.0
0.4019
0.3182
0.0
0.0
0.0
0.0
-0.0
-0.1779
0.4939
-0.4215
0.0
0.0
0.2263
0.0
0.0
0.4019
0.0
0.0
0.2263
0.4019
-0.2732
0.0
-0.4215
0.0
0.4019
0.4019
0.0
0.0
0.0
0.0
0.2023
0.0
0.7579
0.0
0.0
-0.4404
0.0
0.4019
0.0
0.0
-0.6705
0.0
0.0
0.7269
0.0
0.0
0.0
0.0
-0.0258
-0.2415
-0.34
0.4939
-0.0772
0.0
0.7096
-0.34
0.296
0.0
0.0
0.0
-0.4874
0.0
0.0772
0.0
0.0
0.0
-0.0772
0.0
0.0
0.4404
0.4404
0.0
0.0
0.0
0.4019
0.0
0.0
0.0
0.0
0.0
0.0
0.3089
0.0
0.2263
0.0
0.0
-0.296
0.0
0.0
-0.34
0.0
0.0
0.0772
0.0
-0.7775
-0.3182
-0.3182
0.0
0.1779
0.0
0.0
0.0
0.0
0.0
-0.1779
-0.4019
0.0
-0.3612
0.0
0.0
0.0
0.4019
0.0
0.4019
0.4019
0.0
0.0
-0.2057
0.0
-0.34
0.0
0.0
0.0
0.0
0.0
0.0
0.0
0.0
0.3818
0.0
0.0
0.0
0.0
0.0
0.0
0.0
0.0
0.0
0.0
0.0
0.3832
0.0
0.0
0.0
0.0
0.0
0.0
0.0772
0.0
0.0
0.0
0.0
0.0
-0.4767
0.0
0.0772
0.0
0.0
0.0
0.0
0.3182
0.2023
0.0
0.0
0.0
0.0
0.0
0.0
0.0258
-0.4767
0.0
0.0
0.0
0.4019
0.0
0.0
0.0
0.0
0.0258
-0.296
0.0
0.0
0.0
-0.5574
0.0
-0.3612
0.3182
0.4019
0.0
0.0
0.0
0.0
-0.4404
0.0
0.0
0.4019
0.0258
0.0
0.0
0.0
0.0
0.0
0.0
0.0
0.0
0.0
0.0
0.4019
0.0
0.0
-0.3612
0.0
-0.2263
0.0
-0.3612
-0.25
-0.0176
0.0
0.765
0.0
0.4939
0.0
-0.2755
0.0
-0.296
0.0772
0.4404
0.0
-0.3612
0.0
0.0
0.0
0.0
0.4019
0.0
0.0
-0.607
0.0
-0.2924
0.0
0.0
-0.2023
0.0
0.0
0.0
-0.6486
-0.4019
0.0
0.2247
0.0258
-0.3818
0.0
0.0
0.0
0.0
0.3818
0.2732
0.0
0.34
-0.296
0.4019
-0.4767
0.0
0.4019
0.0
0.3182
0.3818
-0.4767
-0.5719
0.0
0.0772
0.0
0.2247
0.0
0.0
0.0
0.0
-0.0721
-0.4019
0.0
0.0
0.0
0.0
0.0
0.0
0.0
0.0
0.0
0.0
0.4404
-0.296
-0.2621
0.0
0.4019
0.0
0.3612
0.0772
0.0
0.0258
0.0
0.0
0.0
0.0
-0.5423
-0.34
-0.1531
0.0
0.0
0.0
0.4767
0.0
-0.34
0.0
0.4019
0.0
0.0
0.3182
0.0
0.0
0.0
0.0
0.0
-0.296
0.0
0.0
-0.128
0.6884
0.3182
0.0
0.0
0.0
0.0
0.0
0.0
0.0
0.0
0.2263
0.0
0.6486
0.0
0.0
0.0
0.022
0.4767
0.0
0.0
-0.296
-0.1027
0.0
0.296
0.4019
-0.296
0.0
0.0
0.5719
0.0
0.0
0.0
0.0
0.0
0.0
0.0
0.0
0.0
-0.5984
0.0
0.0
0.0
0.0
0.0
0.0
0.3182
0.0
0.0
0.0
0.7579
0.0772
0.4019
0.0772
0.0
0.0
0.0
0.0
0.0
0.4019
0.4404
0.5719
0.0
0.4404
0.34
0.25
0.0
0.0
0.0
-0.4019
0.0
0.0
0.0
0.0
0.0
0.4019
0.0
0.0
0.0
-0.4019
0.0
0.5106
0.1531
0.0
0.8271
0.0
0.0
0.0
-0.0351
-0.3412
-0.0772
0.0
-0.5106
0.0
-0.7469
-0.296
0.0
-0.3612
0.8176
-0.5423
0.0
-0.4019
0.34
0.7096
0.0
0.0
0.4019
-0.4767
0.0
0.0
0.0
0.0
0.0
-0.2263
0.0
0.0
0.0
0.0
0.0
0.0
0.0
0.0
0.0
0.0
0.0
-0.0057
0.0
0.0
-0.296
0.0
-0.0772
0.0
0.0
-0.3612
0.0
0.0
0.3369
0.0
0.0
0.8074
0.4019
0.0
0.2263
0.0
0.0
-0.1548
0.0
0.0
0.0
0.0
0.3182
0.0
0.0
0.0
0.0
0.0
0.4019
0.0
0.0
-0.4767
-0.34
0.0
0.0
0.2732
0.0
0.2484
-0.4019
0.0516
0.7227
0.0
-0.3612
0.0
0.0772
0.0
0.4019
0.0
0.0
0.0
-0.5423
-0.296
0.4019
0.0
0.2023
0.2247
0.0
0.4404
0.0772
0.0
0.0
0.0
0.0
0.0094
0.0
0.0
0.6597
0.5719
0.0
0.0
0.0
0.4019
0.0
0.0
-0.2263
0.0
0.0
-0.0258
0.0
0.0
0.0
0.0
-0.5719
0.0
0.0
0.0
0.0
0.0
0.0
0.0
0.0
0.0
0.4005
0.0
-0.296
0.4019
0.0
0.8271
-0.296
-0.34
-0.1877
0.0
0.0
0.0
-0.5267
0.0
0.0
0.296
0.0
0.0
-0.4019
0.2263
0.0
0.7096
-0.34
0.0
0.0
0.0
0.0
0.0
0.0
0.0
0.0
-0.34
0.0
0.1779
0.0
0.0
-0.1298
0.0
-0.3182
0.0
0.0
-0.4767
0.5719
0.3612
0.0
0.0
0.0
0.0
0.4215
0.0
0.34
0.0
0.0
-0.2263
0.0
0.34
0.4215
0.1531
0.0
0.0
0.4019
0.0
-0.296
0.0
0.0
0.0
0.3182
0.0
0.0
0.296
0.0
0.0
0.0
0.0
0.0
-0.2732
0.0
0.6808
0.0
0.0
0.4019
0.0
0.0
0.0
0.0
0.0
-0.296
0.0
0.0
0.0
0.0
0.0
0.0
0.3182
-0.4404
0.0
0.3818
0.0
-0.0191
0.0
0.0
0.0
-0.3612
0.0
0.4939
0.3716
0.0
0.0
0.0
-0.4019
0.0258
0.6597
0.3182
0.0
-0.5719
0.4019
0.0
0.2732
0.0
0.0
-0.0772
0.0
0.0
0.0
0.0
0.0
0.0
0.0
0.0
0.4019
-0.1027
-0.1531
0.128
0.0
0.0
0.0
-0.2023
0.0
0.0
0.0
0.4019
0.0
0.0
-0.4939
0.4404
0.0
0.0
0.0
-0.296
0.0
0.0
0.4019
0.0
0.0
0.0
0.0
-0.1027
0.2263
-0.296
0.0
0.0
0.0
-0.296
0.0
0.0
-0.4019
-0.296
0.0
0.0
0.0
0.0
0.0
0.34
0.0
0.0
-0.743
-0.8316
0.0
0.2732
0.0
0.0
-0.4767
0.0
0.0
0.0258
-0.4019
-0.5994
0.0
0.0
-0.6124
-0.5719
0.0
-0.1531
0.0
0.0
0.4019
0.0
0.0
0.0
0.0
0.0
-0.3167
0.7034
0.0
0.0
0.0
0.0
0.0
0.0
0.4019
0.0
0.4019
0.0
0.0
0.0258
0.0
0.0
0.0
0.0
0.0
0.0
0.0
0.0
0.3182
0.0
0.0
0.0
0.0
0.0
0.0
-0.4019
0.0
0.0
0.0
0.2263
0.4404
0.0
0.0
0.0
0.0
0.4588
0.0
0.4019
0.0
0.0
0.0
0.0
0.0
0.0
0.0
-0.1531
0.0
0.0
0.4019
0.0
0.4404
0.0
-0.4019
0.0
0.4019
0.0
0.0
0.0
0.0258
0.0
0.0
0.0
0.0
0.0
0.0
-0.296
0.0
0.0
0.0
0.0
0.0
0.0
0.0
-0.5106
0.0
0.0
-0.0258
0.0
0.0
-0.0516
0.3182
0.0
0.0
0.0
0.5859
0.34
0.0
0.34
0.0
0.0
0.0
0.0258
0.4019
0.0
0.0
0.0
0.5267
0.0
0.0426
0.5574
0.296
0.3182
0.0772
-0.5719
-0.34
0.0
-0.5423
0.2263
0.0
-0.1761
0.0
0.0
-0.0475
0.0
0.6249
-0.5256
-0.5423
0.0
-0.4019
0.0
0.3818
0.2023
-0.4215
0.0
0.0
-0.2263
-0.25
0.0
0.0
0.0
0.25
0.296
-0.2924
0.3818
0.0
0.0
0.0
0.0
0.0
-0.7579
-0.1779
0.0
0.0
0.0
-0.2263
0.0
-0.3612
0.3818
0.2263
0.0
0.0
0.2263
0.0
-0.5583
0.0
0.3182
-0.3182
0.0
-0.5106
0.6486
0.0
0.0
0.1779
-0.296
0.0
0.4404
0.0
0.4404
0.4019
-0.296
0.0
0.0
0.4019
0.0
0.0
0.0
-0.5267
0.0
0.0
0.296
0.0
0.0
0.5859
0.0
0.6486
0.0
0.0
0.0
0.0
0.0
0.296
0.0
0.0
-0.5647
-0.296
-0.2023
0.3818
-0.5267
0.0
0.0
0.0
0.0
-0.0516
0.0
0.0
0.34
0.1139
0.0
0.0
-0.128
-0.2247
0.4019
0.0
0.0
-0.4019
-0.2732
0.0
0.0
0.4404
0.0
-0.296
0.4019
0.3182
0.0
0.0
-0.5423
0.0
-0.0516
0.0
-0.0772
0.0
0.0
0.2792
0.0
0.0
-0.296
0.0
0.0
-0.1779
0.0
-0.3612
0.4019
0.0
0.0
-0.128
0.0
0.4019
0.1567
-0.296
0.4404
0.5267
0.34
0.0
0.0
0.0
0.0
0.0
0.0
0.0
0.0
0.0
0.0
0.0
0.4939
0.0
-0.3612
0.0
0.4939
0.0
0.0
0.0
0.0
0.0
0.0
-0.34
0.0
0.0
0.0
0.0
0.0
-0.296
-0.296
0.4005
0.0
0.0
0.0
0.0
0.0
-0.128
0.2411
0.296
0.0
0.2263
0.0
-0.4019
0.0
0.4939
0.0
0.0
0.0
-0.2263
-0.296
-0.296
0.0
0.0772
0.4019
0.0
0.0
0.0
0.0
-0.5574
0.7506
0.5574
0.0
0.0516
-0.296
0.4215
0.3818
0.0
0.0
-0.4404
-0.0253
0.0
0.0
0.0
-0.34
0.0
0.3818
0.0
0.0
0.0
0.0
0.0772
0.0
0.3818
0.0
-0.296
0.0
0.0
0.3182
-0.4019
0.5267
0.0
0.0258
0.0
-0.5423
0.0
0.0
0.0
0.0
0.0
0.0
0.0
0.0
0.0
0.0
0.34
0.0
0.0
-0.6369
-0.4173
-0.2263
0.2103
0.0
0.0
-0.4588
0.0
-0.5256
0.4404
0.4019
0.0
0.1027
0.0
0.0
0.0
-0.4588
0.0
0.0
0.3182
0.6249
0.0
0.0
0.0
0.0
0.4215
0.0
0.0
0.0
-0.5106
0.0
0.0
-0.0772
0.0
0.0
0.0
0.0
-0.765
0.0
0.8548
0.6808
-0.2617
0.0
0.0
-0.4019
0.4019
0.5267
0.6249
0.6705
0.0258
0.2023
0.0
0.8555
0.0
0.0
0.0
0.4588
0.0258
0.0
0.0
0.6115
0.0
0.4404
0.0
0.0
0.5423
0.961
0.0258
0.7066
0.6901
0.4404
-0.4019
0.0
-0.296
0.2023
0.0
0.0
-0.25
0.0
0.0
0.0
0.0
0.7096
-0.296
0.0
-0.7351
0.0
0.0
0.0
0.0
0.0
0.0
0.6652
0.0
0.4939
-0.4939
0.0
0.0
0.0
-0.3071
0.3818
0.0
0.0
0.0
0.0
-0.2263
0.0
0.0
0.0
-0.3384
0.0
0.0258
-0.4215
-0.3291
0.0
0.0258
-0.296
0.0772
0.34
0.4005
0.0
0.0
0.0
0.0
0.0
0.4215
0.0
-0.5859
0.0
0.3597
0.0
0.0
-0.3612
0.3818
0.0
0.0
0.0
-0.296
-0.2263
-0.296
0.0
0.0
0.0
0.0
0.0
0.0
-0.3612
0.0
0.0
0.0
0.4019
-0.6124
0.3818
-0.5106
0.3612
-0.875
0.0
0.0
-0.5267
0.296
0.0
0.0
0.0
0.0
0.4404
0.0
-0.296
0.0
-0.2023
0.0
-0.5859
0.0
0.0
0.0
-0.1045
0.3862
0.0
-0.25
-0.296
0.4588
0.0
0.0
-0.2263
0.0
0.3862
0.0
-0.2924
-0.4019
0.0
0.0
0.0
0.296
0.0
0.0
0.0
-0.5106
-0.5106
0.4215
0.2732
0.0
-0.4767
0.763
0.0
0.0
0.0
-0.4767
-0.1761
0.4019
0.4019
0.0
0.7096
0.0
0.0
0.0
0.0
0.0
0.4939
0.0
0.0
-0.5423
0.0
0.0
-0.3818
0.0
0.3182
-0.4019
0.0
-0.0772
0.0
-0.1779
0.128
0.0
0.3182
0.0
0.0
0.0
0.0
-0.296
0.0
0.0516
0.0
0.0
0.4019
-0.7003
0.296
0.2247
0.0
0.0
0.0
0.0
0.296
0.0
0.0
0.0
0.3818
0.0
0.0
0.0
0.0
0.0
0.0
0.0
-0.3818
0.4019
0.2755
0.0
0.0
0.3818
0.5473
-0.5423
0.296
0.0
0.0
0.4215
-0.296
0.0
0.0
0.0
-0.4019
0.3182
0.0
0.4404
0.5574
0.0
0.0
0.0
0.0
0.0
0.0
0.3182
0.0
0.0
0.0
0.0
0.0
0.0
0.4019
0.0
0.0
0.0
0.0
-0.296
0.0
-0.4588
-0.5423
0.3182
0.0
0.4019
0.0
0.0
0.4019
0.128
0.0
0.0
0.34
0.34
0.34
0.0
0.1531
0.0
0.0
0.0
0.3446
-0.2023
0.0772
0.0
0.0
0.0
-0.296
0.0
0.0
0.0
0.4215
0.0
-0.4019
0.0
-0.296
0.0
0.0
0.0
0.4019
0.4019
0.0
-0.3612
0.3182
0.0
0.0
0.0
0.0
0.4019
-0.4019
0.0
0.4754
0.5267
0.0
0.0
0.0
0.0
-0.34
0.0
0.0
0.0
0.0
0.0
0.3818
0.0
0.0
-0.092
0.0
0.0
0.4019
0.0
0.34
0.0
0.0
0.0
0.0
0.0
-0.7946
-0.4019
0.0
0.0
0.4391
0.0
0.0
0.3612
-0.296
0.0516
0.4404
0.0
0.0387
-0.4767
0.2263
0.0
0.0
0.0
0.0
0.4019
0.4019
0.0
-0.4215
0.1779
0.0
0.0
0.0
0.0
0.0
-0.2263
0.0
0.3612
0.0
0.0
0.0
0.0772
0.0
0.0
0.3804
0.0
0.0
0.0
0.4005
0.0
-0.2023
0.0
0.0
0.0
0.0
0.0
-0.296
0.2755
0.0
0.0
0.34
0.0
-0.4497
0.0
0.0
0.0
0.0
0.0
0.0
0.0
0.0
0.0
-0.3612
0.0
0.0
0.5095
0.5574
-0.2406
0.34
0.0
0.0
0.0
0.0
0.0
0.0
0.0258
0.4588
0.3818
0.0
0.0
0.0
0.5574
0.0
0.0
0.0
0.0
0.3818
0.1531
0.8716
0.1779
0.0
0.0258
0.0
-0.2732
0.0258
-0.296
0.0
0.0
0.1531
0.0
-0.4588
-0.4019
0.0
0.0516
0.0
0.0
0.0
0.0534
0.2382
-0.4019
0.0
0.0
0.0
0.0
0.0
0.0
0.0
0.0
-0.4767
0.1779
0.0
-0.6486
-0.3612
-0.7579
0.0
0.0
0.0
0.0
0.0
0.4404
0.0
0.4019
0.0
0.4019
0.0
0.0
0.3612
-0.4019
0.0
0.0
0.0
-0.296
0.0
0.0
-0.296
0.0
0.0
0.0
0.0
0.2263
0.0
0.0
0.0
0.0
0.0
0.0
-0.4767
0.0
0.4019
0.34
-0.296
0.2263
0.0
0.6597
0.0
0.0
0.3182
0.0
-0.2924
0.0
0.0
0.0
0.0
-0.1027
0.0
0.0
0.0
0.0
-0.25
0.0
0.0
0.0
0.4019
0.0
0.0
-0.6486
0.0
0.0
0.0
0.0
0.0
0.0
0.4404
0.1779
0.4019
0.0
0.0
0.0
0.2732
0.2732
0.3818
0.4404
0.0176
0.0
0.0
-0.1232
0.3612
0.0
0.2363
0.0
0.0
-0.3612
0.1154
0.0
-0.1531
0.0
-0.5423
0.5859
0.0
0.0
0.34
0.25
0.466
-0.3724
0.4404
0.0
0.0
0.0
-0.5106
0.0258
0.0
0.6486
-0.0772
0.0
0.0
0.34
-0.4019
0.1779
0.0
0.0
0.0
-0.6124
0.0
0.0
0.0
-0.1901
0.0
0.6249
0.0
0.0
-0.34
0.0
0.0
0.0
0.0
0.0
0.0
0.0
0.0
-0.7269
0.0
0.024
0.0
0.0
0.0
-0.34
0.0
0.0
0.0
-0.4767
0.4588
0.0
0.0
0.0
0.2263
0.0
0.4019
-0.0772
-0.2732
0.0
0.0
0.3506
-0.0258
0.0
0.0
0.2263
0.296
0.0
0.0
-0.34
0.2263
0.0
0.0
0.0
-0.4767
0.0
0.0
0.0
-0.5849
0.0
0.0
0.34
0.2263
0.0
0.4019
0.0
0.0
0.0
0.2732
0.34
0.2732
-0.4939
-0.2263
-0.3612
0.34
-0.2023
0.0
0.0
0.0
0.0
0.0
0.0
0.0772
0.2263
0.0
0.0
0.0
0.0
-0.34
-0.3612
0.296
0.0
0.2263
0.0
-0.296
0.0
0.6391
0.0
0.0
0.2263
0.0
-0.1027
0.0
-0.4767
0.0
0.0258
0.4019
0.34
-0.4404
0.4215
-0.3612
0.0
0.0
0.2263
0.0
-0.4019
0.3502
0.34
0.0258
0.0
0.5106
0.3182
0.0
0.2263
-0.4767
-0.3182
0.0
0.5667
0.3182
-0.296
0.0
-0.1531
0.296
0.0
0.0
0.4767
0.0
-0.6636
0.0
0.0
0.0
0.1779
0.4404
0.0
0.0
0.4019
0.0
0.0
0.0
0.0
0.0
0.0
0.0
0.0
0.0
0.0
0.0
0.5994
0.0
0.0
0.0
0.4404
0.0
-0.4019
-0.5423
-0.2263
0.2023
0.0
0.4019
0.0
0.0
0.0
0.0
0.3182
0.0
0.0
0.0
0.0
0.3182
0.0
-0.2263
0.34
0.0
0.0
0.0
0.3431
0.0
0.0
-0.2263
0.0
0.0
0.0
0.0
0.0
0.0
0.0
0.0
0.0
0.2263
0.1027
0.0258
-0.2924
0.1027
-0.3818
0.296
0.0
0.0
0.0
-0.3612
0.0
0.0
0.0
0.4019
0.0
0.0
0.0
0.0
-0.34
0.2714
0.0
0.0
0.0
0.0
0.4019
0.0
0.4019
0.0
-0.3182
0.0
0.4005
-0.4877
0.0
0.0
0.0
-0.1779
0.0
0.0
-0.296
0.0
0.0
0.0
0.0
0.0
0.0
0.0
0.0
-0.4588
0.0
0.4019
0.0
0.0
0.0
0.0
0.0
0.0
0.0
0.0
0.0
0.3612
0.0
0.0
0.0
0.0
0.4019
0.0
0.0
0.0
0.0
-0.2732
0.0
0.0
0.0
0.0
0.0
-0.4019
0.3182
0.0
0.0
0.0
0.0
0.0
0.0
0.0
-0.2023
0.0
0.0
0.0
-0.4019
0.4404
0.3744
-0.128
0.0
0.0
0.0
0.0
0.0
0.0
0.0
0.0
0.0
-0.296
0.0
0.0
0.0
0.0
0.0
0.0
0.0
0.0
0.4019
0.3182
0.0
0.1376
0.4588
0.0
0.0
-0.5267
0.0
0.3182
0.0
0.0
-0.4019
0.6597
0.0
0.0
0.2023
0.4019
0.4404
-0.7096
0.34
0.0
0.34
0.0
0.0
0.0
0.0
0.4019
0.1779
-0.1779
0.0
0.4526
0.0
0.0
0.0
0.3182
0.0
0.0
-0.5423
0.0
0.0
-0.2023
0.0
0.0
0.0
0.0
0.0
0.2023
0.0
0.0
0.0
0.0
0.0
0.0
0.4404
0.4404
0.4404
-0.4404
0.0
0.0
0.0
0.3182
-0.2411
0.0
0.4404
0.3182
-0.4019
0.0
0.0
0.0
0.0
-0.4019
-0.4019
0.5473
0.4404
0.0
0.0
0.0
0.4019
0.3818
0.4404
0.0
0.0
0.0
0.4588
0.0
0.0
0.0
0.0
-0.2263
0.0258
0.0
0.296
0.0
0.0
-0.3447
0.0
0.0
-0.4741
0.3818
0.4404
0.0
0.6369
-0.4019
0.0
0.0
0.0
-0.4019
-0.5242
0.0
0.4588
0.0
0.4019
0.3818
0.3182
0.0
0.0
0.0
0.0
0.0
0.0
0.0
0.1531
0.0
0.4404
0.0772
-0.4588
0.0
-0.2263
0.0
0.0
-0.296
0.0
0.0
-0.0346
0.0
-0.3089
0.2263
0.0
0.0
0.0
0.3182
0.0
0.0
0.0772
-0.1531
0.0
-0.4404
0.0
0.0
0.0
0.0
0.0
0.0
0.0
-0.4019
0.6696
-0.4019
0.0
0.0
0.0
0.0
0.0
0.0
0.0
0.0
0.0
-0.296
0.2263
-0.3818
0.0
0.4404
0.0
0.0
0.2732
0.4404
0.4019
0.0
0.3182
0.0
0.3612
0.0
0.0
0.0
0.4215
0.0
0.3612
0.3612
0.0
0.4019
0.0
0.4019
0.4019
0.0
0.0
0.0
0.0
0.0
0.1655
0.3182
0.0
0.0
0.296
0.4019
0.0
-0.631
0.0
0.0
0.3612
0.0
0.2247
0.0
0.0
0.2263
0.0
0.0
-0.2732
-0.2924
0.2755
0.0
0.0
0.0
0.0
0.1531
0.5965
0.0
-0.296
0.4404
0.3818
0.0
-0.4767
0.5574
0.0
0.0
0.0
0.0
0.0
-0.0294
0.5267
0.0
0.2942
0.3182
0.0
0.0
0.0
0.0
-0.4019
0.0
0.0
0.0
0.3612
0.0
0.6369
0.6249
0.3089
0.0516
0.0
-0.34
0.0
0.0
0.7034
0.0
0.0
-0.128
-0.4019
0.0
0.0
0.0
0.0
0.4019
0.0
0.3182
0.0
-0.2263
-0.2406
0.3818
-0.296
0.0
0.0
0.0
0.0
0.0
-0.296
0.4939
0.3415
0.0
0.0
0.4019
0.4019
0.0
0.0
-0.1635
0.34
-0.4019
0.4019
0.4019
-0.4767
0.0
0.1506
0.0
0.0
-0.1779
0.0
0.0258
0.0
0.0
0.0
-0.4019
-0.1531
0.0
0.0772
0.4005
-0.128
-0.128
-0.4767
0.0
0.0
0.0
-0.2263
0.2023
0.0
0.2023
0.0
0.0
-0.4588
-0.1531
0.0
0.0
0.0
0.0
0.0258
0.5473
0.0
0.4019
0.3708
0.0
0.2023
0.0
0.4019
0.3182
0.2992
0.0
0.4404
-0.34
0.0
0.4404
0.0
0.0
-0.4019
0.0
-0.34
0.0
0.0
0.0
-0.2755
0.3182
0.0
-0.296
-0.3612
0.0
-0.4019
-0.5423
-0.1779
0.34
0.2584
0.0
0.0
0.0
0.0
-0.4767
-0.4019
0.3182
0.0
0.0
0.0
0.0
0.0
0.34
0.0
0.0
0.0
0.0
-0.6486
0.0
0.0
-0.6597
0.0
0.0
0.0
0.4404
0.0
0.3182
0.0
-0.128
0.0
0.0
0.0
0.4019
-0.5423
0.4019
0.0
0.0
0.0
0.0
0.0
0.0
0.0
0.0
0.0
0.3597
0.3182
0.3182
-0.2023
0.4404
0.0
-0.4767
0.6369
-0.4019
0.4188
0.0
0.0
-0.6124
0.0
0.0
0.0
-0.4939
0.0
0.0
-0.3182
-0.016
0.0
0.0
0.0
-0.4019
0.3182
0.0
0.2732
-0.4019
0.3818
0.6022
0.0
0.0
0.0
-0.296
0.3182
0.0
0.0
0.34
0.0
-0.5423
0.0
-0.296
0.0
0.0
0.2263
0.0
0.0
0.0
0.0
0.0
0.2755
0.0
0.0
0.0
0.0
0.0
0.0
0.4404
-0.6124
0.0
0.0
0.34
0.0
0.0
0.0754
0.0
-0.5213
0.0
0.0
0.4404
0.2944
-0.4019
0.0
-0.2732
-0.4767
-0.2263
0.0
0.0
0.0
0.0
0.0
0.0
0.0
0.0
-0.34
-0.296
0.0
0.0
0.0
0.5994
0.3415
0.0
0.4404
0.0
0.0
0.0
0.5095
0.0
0.2247
0.0
0.0
-0.0772
0.4019
-0.0516
-0.169
0.0
0.0
0.5859
-0.2263
0.4215
0.0
0.0
0.0
0.0
0.0
0.0
0.5473
0.4404
-0.3612
0.0
0.0
0.0
-0.5106
0.0
0.0
0.0
0.3818
0.0
0.4404
0.0
0.0
0.0
0.0
0.0
0.0
0.0
0.0
0.0
-0.4019
-0.4019
-0.4417
0.0
0.0
0.0
0.0
0.0
0.0
0.0
0.0
0.0
0.0
0.0
0.7034
0.0
0.0
0.0
0.0
0.0
0.4404
0.0
0.0
0.0
0.0
0.0
0.0
0.0
0.0
0.0
0.0
0.0
0.0
0.4404
0.0
0.2263
0.0
0.0
0.0
-0.2732
0.0
0.0
0.0
0.0
0.4019
0.3818
0.5563
0.6597
-0.1779
0.0258
0.7269
0.0
0.0
0.0
0.0
0.5994
0.0
0.0
-0.4881
0.0
0.0
0.0258
0.296
-0.4019
0.0
0.2263
0.0
0.0
-0.34
0.5367
0.3182
-0.6124
0.4019
0.0
0.0
0.0
0.0
0.0
0.0
0.0
0.0
-0.296
0.0
-0.1531
0.4588
0.0
0.0
-0.5106
0.0
-0.2263
-0.3182
0.0
-0.2023
0.0
0.0
0.0
0.296
0.296
-0.5423
0.6808
0.0
0.0
0.0
-0.0772
-0.0572
0.3612
0.0
0.128
0.0
0.4615
0.0498
0.0
0.4019
-0.296
0.0
0.0
0.0
0.0
0.0
0.0
0.0
0.0258
0.0
0.0
0.4019
0.4019
0.4019
0.0
0.0
0.5106
0.0
0.0
-0.4767
0.0
0.5305
