-0.296
0.0
0.0
0.0
0.0
0.0
0.0772
0.0772
-0.1531
0.0
0.0
-0.4215
0.34
0.0
-0.296
0.4404
0.5574
0.0772
0.0
0.6486
0.3612
0.0
0.4623
0.6239
0.0
0.3818
0.34
0.0
-0.4019
0.6124
0.0
-0.7412
-0.4574
0.0
-0.4574
-0.7284
0.3182
-0.4404
0.0
-0.8507
-0.4574
0.0
0.0
0.3182
0.0
-0.6203
0.0964
0.34
0.0
0.4404
0.0
0.0
0.0
0.0
0.0
0.0
0.9423
-0.6249
-0.296
0.0
0.2596
0.0
0.4574
-0.9545
-0.8481
-0.8481
-0.7765
-0.4767
0.0
-0.5423
0.0516
0.0
-0.2263
0.4404
0.0
0.5255
0.0
0.0
-0.6892
0.0
0.4215
0.0
0.0
0.0
0.0
0.0
0.3182
0.4019
0.1779
0.0
0.3382
0.0
-0.3612
0.0516
0.0516
0.34
0.25
0.0
0.0
0.0
0.0
-0.296
0.0
0.0
0.7645
0.0
0.4404
0.0
-0.3612
0.0
0.1298
0.4767
-0.2247
-0.3612
0.2263
0.0
-0.3818
0.0
-0.7177
0.0
0.4667
-0.296
-0.4184
0.8591
0.0
-0.296
0.0
0.0
0.7004
0.0
0.0
0.0
0.3716
-0.1511
0.6597
0.5709
0.3182
0.6369
0.0
0.3818
0.7184
0.0
0.2023
0.4019
0.0
-0.0772
0.3818
-0.4019
0.0
-0.4019
-0.5423
-0.4767
-0.9744
-0.5719
0.0
0.2263
0.4404
0.4588
-0.4215
0.0
0.6249
0.0
0.4926
0.4019
0.4215
0.0
0.0
0.0772
0.0
0.0
0.0
-0.5423
0.0
-0.4019
0.1484
0.296
0.0
0.296
0.0
-0.8271
0.128
0.5499
0.7579
0.4019
0.7096
0.0
-0.7556
-0.296
-0.4724
0.4019
0.7096
0.0
-0.3252
0.4404
0.0
0.0
0.0
0.0
0.0
0.2732
-0.2263
0.0
0.4939
0.296
0.0
0.0
-0.2732
-0.1779
0.0
0.2144
0.0
0.3182
-0.4404
-0.3597
0.4404
0.5673
0.0
0.0
-0.8275
-0.25
0.4404
0.0
0.1779
0.4767
0.2023
0.3246
0.0
0.0
0.4019
-0.4019
0.0
-0.3612
-0.2263
0.1531
-0.1007
0.4926
0.34
0.2023
-0.296
0.6808
0.3182
-0.296
0.0
0.0
0.0
-0.5267
-0.2023
0.0888
0.296
-0.2411
0.765
0.0
0.2263
0.1531
0.0
0.0
0.6597
0.34
0.8481
0.5859
0.0
-0.34
-0.4404
0.0
0.0
0.0
0.0
0.1548
0.0
0.0
-0.3612
-0.3612
0.0
0.0
0.0
0.0
-0.0258
0.039
0.0
0.717
0.0
-0.296
0.4404
0.0
-0.4767
0.4939
0.0
-0.2584
-0.1232
0.2263
0.6124
0.0
0.0
-0.4019
0.2732
-0.1226
0.34
-0.6346
0.0
0.0
0.1779
0.4404
0.6956
0.296
0.0258
0.0
0.0
0.0
0.0
-0.296
0.4767
0.2057
0.0
0.4215
0.0
0.0
0.0772
0.0
0.4019
0.2023
0.0
-0.4019
0.0
0.1779
-0.1027
-0.2263
0.8524
-0.4401
-0.3182
-0.508
-0.727
0.4404
0.0
0.7251
0.4767
0.3182
0.7096
0.4404
0.7951
0.3182
0.7096
0.0
0.0
0.0
0.0
0.4215
0.0
0.3612
0.0
-0.6523
-0.4019
0.5719
-0.0772
0.3182
0.0
0.3182
0.4215
0.0
0.0
0.0
-0.4019
0.1531
0.4215
0.3182
0.9549
0.0
0.0
0.7184
-0.5445
0.4588
-0.1027
-0.8196
0.0
0.0
-0.9617
-0.8462
0.0
0.0
-0.4201
0.0
-0.3412
0.3134
-0.3612
-0.4215
0.0
0.0
0.3612
0.0
0.0
-0.5267
0.5994
0.3612
0.0772
0.296
0.765
0.0
0.0
0.0
0.0
-0.2748
0.0
0.0
0.0
-0.8316
0.1779
-0.5423
-0.0516
-0.34
0.4199
-0.1531
0.3612
0.0516
0.5308
0.1779
0.0
0.0
-0.4019
0.4215
0.0
0.0
0.7814
0.0
0.0
0.5719
0.0772
0.3182
0.0
0.0
0.6741
0.0
0.4572
0.3612
0.6945
0.0
0.5719
-0.296
-0.4019
-0.0828
0.0
0.4404
0.0
0.0
0.0
0.4404
0.0
-0.4019
-0.9535
-0.6124
0.4062
0.0
0.6369
0.0
-0.296
0.0
0.0
-0.2057
-0.7184
0.0
0.0
0.0
0.0
0.0
0.0
-0.296
0.0
0.0
0.0
-0.296
-0.34
-0.296
0.5324
0.4019
0.0
0.4215
-0.3595
-0.7593
-0.1531
0.3919
0.0
-0.3089
0.4404
0.4767
-0.5423
0.0268
0.296
0.0
0.0
0.0
0.5106
0.1027
-0.6808
-0.296
0.0
0.1511
0.4003
0.0
0.6588
0.0
-0.2584
-0.652
-0.8955
0.0258
-0.4574
0.0
-0.508
0.5058
0.2263
0.6249
-0.4019
-0.768
-0.0258
0.2942
0.7184
0.6249
-0.4404
0.4019
-0.5423
-0.0516
-0.2136
0.4939
0.4939
0.2617
0.0
-0.128
0.0
0.1779
0.34
0.0
0.0
-0.6808
-0.807
0.2732
0.0
0.0
0.0
0.1695
0.4215
0.0
0.0
0.7251
0.3612
0.0
-0.3818
0.0
0.0
0.4767
-0.4767
0.1531
0.0
-0.6808
0.1027
0.0
0.4215
0.0772
0.3612
0.1012
0.3182
0.7461
0.0
0.0
-0.7616
0.0
0.4019
0.3182
0.4019
0.5423
0.7553
0.0
-0.296
0.0
0.0
0.0
0.2467
0.4215
0.34
0.765
0.0
0.0
0.3182
0.4767
0.0
0.128
0.4215
-0.784
-0.1779
0.0
0.6705
0.7096
-0.4767
-0.7783
0.4019
0.0
0.4215
-0.4019
-0.4019
-0.4019
0.0
0.6597
0.0
0.8105
0.0
0.6486
0.0
-0.3774
0.3612
0.25
-0.0772
0.0
0.0
0.2023
0.0
-0.3291
0.9134
0.0
0.7804
-0.4767
0.0258
-0.0516
-0.2846
-0.2263
0.8462
-0.3089
-0.2411
-0.9661
0.0
-0.296
0.5845
0.7351
0.0
-0.7096
0.0772
0.3612
0.1655
0.2732
0.5267
0.0
0.2865
0.0
0.7983
0.0
-0.5423
0.0
0.0
0.0
0.4019
-0.7574
0.2732
-0.2023
-0.6808
0.7964
0.4404
0.0
-0.296
0.0
0.0
0.0
-0.34
-0.0772
0.0
-0.5719
0.0516
0.0
0.0
0.0
0.6281
0.0
0.0
0.0
0.4019
0.0
-0.3365
0.0
0.2023
0.0
-0.7096
0.0
0.0
0.0
-0.2263
-0.4215
0.6597
0.1406
0.7184
0.0
0.552
-0.2755
0.0
0.0
0.3182
0.0
0.7003
0.0
0.0
0.961
0.0
0.0
0.0
0.0
-0.34
-0.0129
0.634
-0.3818
0.0
-0.7184
0.0
0.0
0.0
0.0
0.0
-0.3687
0.0
0.0
-0.5859
0.0
-0.3818
0.0258
0.8295
0.0
0.0
0.0
0.0
0.0
0.0
0.0
-0.5423
0.6486
0.0
0.91
0.516
0.0
0.4019
0.296
0.6739
0.0
0.0
-0.8591
0.4939
0.0
0.0
0.0
0.0
0.0
0.3182
0.0
-0.4019
0.5916
0.6344
0.0
0.4019
-0.5972
0.0
0.0
0.0
0.2263
0.5423
0.6486
-0.3716
0.3612
0.34
-0.296
-0.782
0.0
0.0
0.0
0.0
0.0
0.6597
0.0
-0.7424
-0.1803
-0.1027
0.0
0.0
0.0
0.7351
0.0
0.0
-0.0258
-0.4168
0.4939
-0.5023
-0.0772
0.0
0.0
-0.296
0.0
0.0
0.0
0.2732
0.0
-0.3853
0.0
0.0
0.7382
0.1779
0.6597
0.0
0.0
0.5562
0.0
0.0
0.0
0.5448
0.0
0.0
-0.34
-0.6369
0.0
0.5106
0.0
-0.2411
-0.2411
0.0
0.0
0.0
0.0
-0.5696
0.2732
0.0
0.0
0.0
0.0
-0.4215
0.0
0.0
0.0
-0.4767
0.0
0.6966
0.0
-0.2023
0.0
0.0
-0.8176
0.4404
-0.4019
0.3818
0.0
0.4019
0.0
0.0
-0.1695
0.5719
-0.5267
0.0
0.4019
-0.4019
0.0
0.0
-0.3455
0.3612
0.34
-0.5267
0.0
-0.4019
0.0
0.5994
0.0
-0.4019
0.4519
0.0
0.2598
0.0
0.0
0.0
0.5473
0.0
0.0
0.0
0.0
0.0
-0.9419
-0.4767
-0.5267
-0.4019
0.0
0.8802
0.0
0.0
-0.3612
0.0
0.0
-0.1531
0.0
0.34
0.4588
0.8831
0.0
0.2235
0.0
-0.0772
-0.34
0.0
0.6597
-0.6908
0.0
-0.508
0.0
0.0
0.0
-0.6174
0.0
-0.4019
0.4019
0.0
0.0
0.0
0.0
0.0
0.34
0.0
0.34
0.0
-0.5719
0.0
-0.2411
0.4283
-0.5106
0.5106
0.0
0.296
0.0
0.0
0.0
0.7717
0.0
0.0
0.0
-0.4215
0.5267
0.6948
0.4019
0.4404
0.811
0.0
-0.7469
0.0
0.0
0.0
0.6239
0.0
0.4019
0.7574
0.0
0.0
0.0
0.0
0.1154
0.0
0.0
0.0
0.0
0.0
-0.2755
0.0
0.0
0.0858
0.0
0.5562
0.0
0.0
0.0
0.0
0.0
0.0
0.0
0.0
0.0
0.0
-0.3846
0.0
0.0
0.807
-0.7184
0.8442
0.5267
-0.5499
0.0
0.8349
0.0
0.0
0.0
0.0
0.0
0.0
0.0
-0.3716
-0.4019
0.0
-0.5461
0.0
0.0
0.0
-0.6597
0.5547
0.0
0.0
-0.1531
0.8832
0.0
0.0
-0.7184
0.0
-0.1027
-0.34
0.0
0.0
-0.4019
-0.2617
0.3182
0.9162
0.0
0.372
-0.6933
0.1882
0.34
0.0
0.0
0.0
0.4391
0.0
0.0
0.0
0.0
0.0
-0.1779
0.0
0.0
0.0
0.0
0.0
0.0
0.6369
-0.6369
-0.4019
0.0
0.0
0.5473
0.896
-0.058
0.1027
0.0
0.4926
0.296
0.25
0.8658
0.0
0.0
0.25
-0.1027
0.0
0.5499
0.0
0.0
0.7227
0.6908
0.7964
0.6974
0.0258
0.0258
0.0
0.4215
0.7184
0.4588
0.0
0.0
0.0
-0.4728
0.0
0.6988
0.0
0.4199
-0.1166
0.0
0.0
0.6486
0.0
0.0
0.0
0.0
-0.5499
0.2103
0.4497
0.0
0.0
-0.0498
0.0
0.4404
0.5267
0.0
0.0
-0.1122
0.0772
0.0
0.0
0.0
0.4767
0.3182
0.5859
0.3182
0.3612
0.0
0.0
0.1531
0.0
-0.3384
0.6486
0.0
0.0387
-0.3182
-0.2263
0.0
0.4245
0.0
0.0
-0.4404
0.4767
0.3818
0.0
0.7089
0.0
0.0
0.0
0.0
0.0
0.0
-0.4019
0.0
0.0
0.0
0.0
0.0
-0.0258
0.5106
-0.3818
0.0
0.0
-0.8126
0.4019
0.0
0.3182
0.0
0.7351
0.1779
0.4754
0.1365
0.4215
0.4215
0.5106
0.296
0.0
0.5571
0.0
0.0
0.5149
0.6249
0.0
0.0
0.0
0.3818
0.0
-0.6769
0.34
0.0
0.0
0.2828
0.0
0.0
0.4404
0.0
-0.2498
0.5859
0.0
-0.296
0.0
0.0
-0.5574
0.34
0.4118
0.0
-0.34
-0.4767
0.4404
0.3182
0.0
0.4404
-0.3919
0.6361
0.0
0.0
0.0
-0.2023
0.128
-0.5696
-0.4019
-0.5106
0.0
0.0
0.0
0.0
-0.4019
0.0
0.0
0.4019
0.4404
0.0
0.2716
0.6486
-0.4767
0.0
0.4939
0.9412
0.3612
0.0
0.0
0.0
-0.3561
0.0
0.0
-0.4796
-0.4019
0.0
-0.6597
0.34
-0.5606
0.0
0.0
0.6369
-0.4767
0.4404
0.2023
0.0
0.4939
0.0
0.0
0.5916
0.0258
-0.9042
-0.0772
0.2263
0.0
-0.5423
0.0
0.0
0.4019
0.0
0.0
0.6486
-0.3818
0.0
0.7264
0.0
0.0
0.0
0.0
-0.559
0.0
-0.3612
-0.4019
0.0
-0.3612
0.0
-0.3612
-0.296
0.5093
0.0
0.0
0.0
0.4404
0.0
0.0
-0.3612
0.0
-0.4767
0.0
0.1531
0.2732
0.0
-0.296
0.0
-0.2942
-0.6705
0.2732
0.0
0.0
0.0
0.0
0.0
0.0
-0.7478
-0.128
0.0
-0.6908
0.0
-0.8541
0.0
-0.4019
-0.8052
0.8316
0.0
0.0
0.0
0.0
-0.9157
0.5927
-0.3252
0.0
-0.5399
-0.8233
0.7964
0.0
0.0
-0.5994
0.0
0.4019
0.0
-0.7978
-0.7118
0.0
0.0
0.0918
0.7782
0.5948
0.0
0.0
0.0
0.0
0.0
0.0
-0.296
0.0
0.0
0.0
-0.5106
-0.5719
0.0
0.1779
0.3612
0.7269
0.3612
0.0
0.0
0.0
0.0
0.5267
0.0
0.0
-0.4019
-0.4019
0.0
0.6988
0.6808
-0.296
0.0
0.0
0.0
0.0
0.0
-0.4404
0.0
0.0
0.0
0.0
0.2732
0.3612
0.4403
0.3182
-0.4019
0.0
0.2263
0.0
0.0
-0.4019
0.3818
0.0
0.0
0.0299
0.6824
0.4404
0.0
0.0
0.0
0.4404
0.0258
-0.5106
0.0
0.6858
0.4019
0.0772
-0.296
0.0
0.0
-0.296
0.0
0.0
-0.8689
0.4949
0.0
-0.2732
0.4902
0.289
0.4019
-0.296
-0.6705
-0.6249
0.0
0.4019
0.0
0.0
-0.0772
0.0
-0.6486
0.836
0.3612
0.6115
0.4588
-0.0772
0.0
-0.4939
0.0
0.0
0.0
0.0
0.0
0.0
0.0
0.0
0.0
0.0
0.0
0.0
0.0
0.0
0.0
0.0
0.0
0.0
0.0
0.0
0.0
0.0
0.0
0.0
0.0
0.0
0.0
0.0
0.0
0.0
0.0
0.0
0.0
0.0
0.0
0.0
0.0
0.0
0.0
0.0
0.0
0.0
0.0
0.0
-0.4215
0.7003
-0.0772
0.3182
0.3612
0.0
-0.3612
-0.6597
-0.7964
0.0
0.0
-0.7351
-0.2057
0.4588
0.0
-0.2263
0.1531
0.0
0.0
-0.4019
-0.4215
-0.34
0.6369
0.3089
0.0
0.5859
-0.5423
0.6745
0.5719
0.7684
0.296
-0.2127
0.3774
0.6124
0.0
0.3857
0.3182
-0.5994
0.373
0.6151
0.0
0.0
0.3291
0.743
0.5729
-0.4019
0.0
0.0
0.0
0.0
-0.4168
0.0
0.5355
0.0
0.1431
0.0
0.743
-0.7351
-0.4588
-0.3612
-0.8188
0.0
0.0
0.0
0.5994
0.0
0.0
0.0
-0.25
0.0
0.0
0.0
-0.2411
0.0
0.0
0.128
-0.7955
0.0
0.0
0.0
0.0
0.0
0.2748
0.296
0.5574
0.0
-0.2173
0.0
0.128
-0.5994
-0.4588
-0.4019
0.1548
-0.4019
0.0
-0.9042
0.34
0.3612
0.0
0.0
-0.0258
0.0
0.4019
0.0516
0.0
0.0
-0.296
0.0
0.0
-0.296
-0.4019
0.0
0.0
0.4019
0.0
0.3182
0.0
0.0
0.2235
-0.8994
0.0
-0.25
0.1477
-0.25
0.0
0.0
0.8388
-0.7774
0.0
-0.1779
0.0
0.0
-0.296
0.0
0.2732
0.0
0.3612
-0.2003
-0.1779
0.0
0.0
-0.1779
0.5893
-0.1742
0.0
-0.1779
0.5893
0.0
0.0
0.0
-0.3089
-0.4019
0.128
-0.1043
0.4404
0.0
0.4404
0.0516
0.0
0.6428
0.5994
0.3818
0.34
0.0
0.0
0.34
0.4588
0.0
0.4019
0.0
0.0
0.0
0.0
-0.296
0.0
-0.0258
-0.128
0.0
0.0
-0.1531
-0.6597
0.0
-0.4574
0.0
0.0
-0.6369
0.0
0.6664
0.0
0.0
-0.5267
0.0
0.0
0.0
0.4019
0.0
0.2732
0.0
0.0
-0.296
-0.3182
0.0
0.0
0.0
0.7003
0.4939
0.0
0.0
0.0
0.3182
0.7184
-0.5984
0.0
0.0
0.0
-0.8481
0.0
-0.296
-0.4767
0.3535
0.0
0.5574
-0.7177
0.2263
0.6124
0.5106
-0.5719
-0.8316
-0.5574
0.25
-0.1754
-0.7203
0.0
0.0
0.7783
0.0
0.4019
-0.2263
-0.6696
-0.296
-0.0516
-0.3753
0.0
-0.1027
0.6124
0.0
-0.6597
-0.3612
-0.54
-0.9217
0.0
0.0
0.0
0.4019
0.0
0.0
0.0
0.0
-0.4019
0.0
0.4767
0.296
0.09
0.0
0.7783
0.0
0.0
-0.3182
-0.3182
0.4215
0.0
-0.296
-0.0772
0.0
0.0
0.4215
0.0
-0.5574
0.0
-0.8737
-0.2023
-0.4019
0.0
0.0
0.5574
-0.7506
0.4215
0.0
-0.903
-0.3252
-0.4003
0.0
0.0
0.0
-0.2924
0.3818
0.4019
0.7184
0.0
0.296
0.3182
0.0
0.0
-0.7184
0.6124
0.6682
0.4754
-0.498
-0.5106
0.296
-0.7269
-0.7351
0.7783
0.4588
0.7003
0.0
0.0
-0.4284
0.0
0.0
0.0772
-0.34
0.0
0.0
0.0
0.0
-0.872
0.0
0.0
0.5267
0.0
0.0
0.0
-0.4019
0.0
0.0
-0.4404
0.2382
0.9169
0.0
0.4201
0.1531
0.0772
0.0
0.1531
0.0772
0.0
0.1531
0.0772
0.4588
0.1531
0.0772
0.0
0.4754
-0.1719
0.0
-0.3412
0.0
-0.3612
-0.296
0.0
-0.4215
-0.5574
-0.296
-0.343
0.0
0.0
-0.4003
0.5574
0.7964
0.4019
0.8248
0.0
0.0201
0.4939
-0.1145
0.3125
0.0
0.0
0.0
0.7389
0.2354
0.0
0.4235
0.2944
0.4215
0.0
0.4019
0.296
0.0
0.0
0.4215
0.7919
0.3182
0.0
0.0
0.5283
0.0
0.1134
0.5719
0.0
0.34
-0.4019
-0.7777
-0.6249
0.4019
0.481
0.0
0.0
0.0
0.0
0.0
0.0
0.0
0.0
-0.2411
-0.3252
-0.1027
0.0
0.4721
0.0
0.0
0.0
0.4939
-0.0258
0.6124
0.0
0.0
0.0
0.4767
0.4939
0.0
0.4754
-0.4019
0.0
0.8074
0.3353
0.0
0.4574
0.2144
0.0
0.4404
0.0
0.4019
0.655
0.3182
0.0
0.4019
0.3182
0.6124
0.4019
0.4019
0.1027
0.0366
0.0
0.5092
-0.7434
0.5574
0.0
-0.3412
0.4404
0.0
0.2335
0.5921
0.0772
0.6652
0.6124
0.1779
0.4019
0.4215
-0.4968
-0.6808
-0.1994
0.0
0.4215
0.0
-0.296
-0.296
-0.5927
0.0
0.0
-0.3919
0.0
0.0
0.0
-0.34
0.0
-0.5574
0.0
0.3818
0.5215
0.0
0.0
-0.4019
0.5859
-0.4019
0.3182
-0.6981
0.0
-0.2023
-0.4215
0.0
0.0
0.0
0.0
-0.6908
0.4019
0.0
0.1027
0.0
-0.296
-0.0772
-0.5637
-0.0129
0.0
0.0
0.4939
-0.4019
0.4019
-0.5764
0.331
0.0
0.0
0.0
-0.2057
0.481
0.4588
0.0
0.0
0.4404
0.0
-0.296
-0.2732
-0.4019
0.0
0.0
0.4019
0.2115
0.0
0.0
0.0
0.0
0.4019
0.0
0.3089
0.0
0.5719
-0.2263
0.296
-0.4898
0.0
0.0
0.0
0.1779
-0.1761
0.0
0.0
0.6369
0.2732
0.0
0.0
0.0
0.0
0.0
0.0
0.296
0.2263
0.0
0.0
-0.8319
0.0
0.0
0.0
0.1531
0.5661
-0.296
-0.3182
-0.2755
0.3818
-0.3818
-0.0772
-0.5423
0.8591
-0.2732
0.0
0.0
0.0
0.0
0.0
0.0
0.5346
0.3612
0.0
0.0
0.0
0.0
0.0
0.4939
-0.5106
0.3291
0.0
0.7126
0.0
0.0
0.0
0.0
0.6369
0.0
0.0
0.0
0.0
0.0
0.0
0.3612
0.6124
-0.7003
0.0
0.0387
0.0
0.0
0.0
0.0
0.3182
0.0
0.4019
0.0
0.0
0.0
-0.296
-0.3595
0.0
0.0
-0.296
-0.296
0.0
0.296
0.4019
0.7351
0.0
-0.474
0.0
0.0
0.6239
0.3612
-0.4215
-0.0286
0.0
-0.3612
0.4199
0.0
0.0
0.0
0.0
-0.1531
-0.296
0.0
0.3182
0.0
0.0
0.4215
-0.5423
0.0
0.0
0.0
0.5719
0.4019
0.0
-0.4019
0.0
0.6213
0.5267
0.6369
0.0
0.0
0.0
-0.0409
0.1027
0.0
0.0
0.0
0.0
0.4019
0.8534
-0.5859
-0.1738
0.0
0.296
0.7624
0.34
0.5267
0.3612
0.0
0.0
0.6249
0.0
0.4019
0.0
0.0
0.0
0.0
0.0
0.0
0.0
-0.4767
0.0
-0.7096
-0.2235
0.5358
-0.3412
-0.2732
0.0
-0.2732
0.0
0.4019
0.0
-0.0026
-0.25
0.0
0.0
0.0
0.0
0.4019
0.0
0.2732
0.34
0.34
0.0
0.34
0.304
0.0
0.0
0.3774
0.0
0.3774
0.4019
0.5719
0.0
0.1779
-0.296
0.4019
0.4019
0.4404
0.0
-0.296
0.0
-0.6597
0.0
0.6597
0.0
-0.4767
0.0
0.5411
0.0
0.9267
0.555
0.0258
0.0
-0.6197
0.4215
0.0
0.0
-0.3612
0.0
0.4404
0.0
0.0
-0.3089
0.0
0.0
-0.4019
0.0
-0.3252
0.4939
0.0
0.2263
-0.8271
0.0
-0.3612
0.4019
0.4019
0.6369
0.0
-0.4215
0.3612
0.3818
0.4019
0.0
0.614
0.0
0.0
-0.296
0.4019
-0.4497
0.0
0.0
0.4019
0.0
0.4215
0.0
0.0772
0.0
-0.4019
-0.3612
0.0
-0.1979
0.0
0.0
-0.126
0.0
0.0
0.4215
-0.8885
0.0
0.0
-0.4767
0.0
0.0
0.0
-0.4344
0.0
0.0
0.0
0.0
0.0258
0.0
0.0
0.0
-0.34
0.4404
-0.6652
0.4374
0.0
0.2732
-0.0716
-0.7957
-0.2263
0.0
-0.296
-0.34
-0.0772
0.1258
0.0
0.128
-0.34
0.0772
-0.5994
0.752
0.0
0.0
-0.4019
0.34
0.0
0.0
0.0
0.0
-0.8583
0.4404
0.4497
0.0
0.0
0.0
-0.296
0.0
-0.2415
-0.6408
0.0
0.0
-0.4466
0.0
0.0
0.0
0.0
0.0
-0.296
0.0
0.0
0.0
0.0
-0.2382
-0.644
0.6381
0.0
0.1406
-0.0772
0.0
0.0
0.7096
-0.8074
-0.6908
-0.9524
-0.1027
0.6124
0.0
0.0
0.0
0.2263
0.0
0.0
0.0
-0.296
0.0
0.0
0.3612
-0.1695
0.0772
0.0
-0.2755
0.9184
0.3612
0.4404
0.0
-0.7906
0.3182
0.0
0.4404
0.0
0.0
0.4019
0.3612
-0.6369
0.4019
0.0
0.0
0.6369
0.0
0.0
0.3612
0.3919
0.1655
0.2382
0.0
-0.8519
0.0
-0.5106
0.0
0.6645
0.0
0.4215
0.0
0.859
0.0
0.6901
0.0
0.0
0.0
0.0
0.34
-0.296
0.0
0.7506
0.1625
-0.0498
0.0
0.0
0.9119
0.4215
-0.539
-0.0402
0.0
0.0
0.0
0.0
0.0
0.3182
0.0
0.296
0.0
0.4574
0.0
0.0
0.0
0.372
0.0
0.3108
0.0
0.4767
0.7964
0.0
0.0
0.3089
0.8635
-0.2263
0.0
0.0
-0.5419
0.0
0.3818
0.0
0.0
-0.4767
0.4019
0.34
0.34
-0.0516
0.2732
0.25
-0.7845
0.3612
0.0
-0.2411
0.5927
-0.6249
-0.8122
0.0
0.0
0.4019
0.0
0.7026
0.0
-0.5106
0.0
-0.4019
0.0
0.438
0.0
-0.4019
0.0
0.0
0.0
-0.4767
-0.4767
0.4019
0.0
-0.8016
-0.5358
0.0
0.296
-0.4076
0.0
0.0
0.0
0.0
-0.0772
0.0
0.0
0.0
0.0
0.0
0.0
0.0
0.2023
0.0
0.0
-0.6597
0.0
0.0
0.0
0.0
0.2755
0.0
-0.3182
0.0
0.4588
0.0
0.0
0.6908
0.0
0.0
-0.7184
0.34
0.8126
-0.5423
0.6808
-0.8271
-0.2411
0.381
0.2714
0.0
0.0
0.4767
0.0
-0.296
0.0
0.4497
-0.0762
-0.4215
0.0
-0.7717
0.0
0.0
0.0
-0.3535
-0.4926
0.0
0.0
0.0
0.0
0.0
0.0
0.5423
0.0
0.0
0.0
0.0
0.0
0.1862
0.5574
0.6124
0.0
0.0
0.0
0.0
-0.2263
0.0
0.0
0.128
0.0
-0.5574
0.4215
0.0
0.3264
-0.34
0.0
0.0
0.0
0.0
0.0
-0.3182
-0.3182
0.0
0.0
-0.2263
-0.4767
-0.5423
-0.296
0.4019
-0.3641
0.4588
0.4215
0.3612
0.0
0.34
0.3612
0.5983
0.5994
0.0
0.0
0.0
-0.2411
-0.68
0.0
-0.4215
0.6688
-0.296
0.296
0.0
0.7378
0.5267
0.0
-0.5859
-0.8591
-0.9201
0.0
0.0
0.0
0.0
0.0
0.6908
0.0
-0.4215
-0.296
0.0
-0.3595
0.128
0.5859
0.34
0.34
0.34
0.3527
0.4939
0.4215
0.2732
0.1531
0.6884
-0.296
0.3897
0.8122
-0.25
-0.5267
0.692
0.0
0.0
0.0
0.0
0.9286
0.0
0.0
0.0
-0.3612
0.0
0.0
0.0
0.0
0.0
0.2732
0.0516
-0.5423
0.3612
0.4019
0.0
0.0
0.0
-0.296
0.0
0.0
-0.296
0.0
-0.6355
0.0
0.3612
0.5267
-0.296
-0.296
0.4019
-0.6705
0.0
0.0
-0.2144
0.0
0.0
0.4404
0.3182
0.0
0.0
-0.5106
0.0
-0.296
0.4215
0.0
0.4019
0.0
-0.3612
-0.6124
0.2047
0.0
0.0
0.0
-0.4926
0.0
0.7088
0.0
-0.5106
-0.3612
0.0
0.1725
0.3612
0.0
-0.5267
0.1655
0.0
0.0
0.0
-0.5423
0.0
0.5848
0.0
0.0
0.875
0.4019
0.4019
0.0
0.0
0.0
0.0
0.4019
0.0
0.0
0.0
0.6187
0.0
0.0
0.0
0.0
0.0
0.0
0.0
0.0
0.0
0.0
-0.34
0.0
-0.5106
-0.5994
-0.296
0.9413
-0.4779
0.0
0.0
-0.2411
0.0
0.1759
0.0
-0.5423
0.0
-0.3612
-0.1154
-0.8608
0.0
-0.5423
0.0
0.0
0.0
0.0
0.4019
0.0
0.0
-0.4404
0.2732
-0.4168
0.2354
0.0
0.0
0.0
0.4019
0.0
0.0
-0.3151
0.4019
0.0
0.0
0.0772
0.0
0.0
0.0
0.0
0.0
0.0
-0.5927
0.0
0.0
-0.296
-0.296
0.0
0.0
0.0
0.6369
0.0624
0.0
0.34
0.3612
0.0
0.0
0.0
0.4767
0.3265
0.0
0.0
-0.2052
0.6908
0.34
0.34
0.0
0.0
0.0
-0.296
0.296
0.0
0.0
0.0
0.0
-0.2411
-0.481
0.0
0.296
0.0
0.0
0.0
0.0
0.0772
0.3612
-0.3695
0.0
0.0
-0.296
0.0
0.0
0.0
-0.1531
-0.7184
0.0
0.0
0.0
0.0
0.0
0.0
0.0
-0.296
0.0
-0.296
0.0
0.0
0.0
0.0
0.0
-0.2023
0.4019
0.3818
0.4019
-0.5023
0.0
-0.4199
-0.4767
-0.6705
0.2144
0.0
0.0
0.0
0.4404
-0.4549
0.34
0.34
0.0
0.0
0.0
0.0
-0.296
0.0
0.0
0.0
0.0
0.0
0.4019
0.0
-0.4019
0.0
0.0
0.092
0.3089
-0.4767
0.4019
-0.6124
0.25
0.3182
0.0
0.3384
0.0
-0.128
0.0
-0.3612
0.0
0.3867
0.6476
0.0772
0.0
0.0
0.0
0.0
0.0772
-0.2732
-0.508
0.1779
0.0
-0.1621
0.4019
0.8519
0.0
-0.4767
0.0
0.0
0.0
0.0
0.0
0.0
0.0235
0.4019
0.0
0.0
0.0
0.0
0.0
0.0
0.0
0.6777
0.2263
0.2911
0.0
0.0
0.0
0.0
0.0
-0.5848
0.0
0.3818
0.0
-0.4767
-0.34
-0.34
-0.34
0.0
0.0
0.0
-0.296
0.3089
0.0
0.0
0.4201
0.6696
-0.0644
0.0
0.0
0.4215
0.0
0.0
0.2023
0.3937
0.0
0.0
0.0
0.0
-0.4215
0.0
0.0
0.0
0.0
-0.4215
0.0
-0.8611
0.0
0.0
0.3445
0.0
0.0
0.0
0.0
0.0
0.0
0.0
0.9357
0.0
0.3612
-0.7003
0.0
-0.4019
0.3612
0.3802
-0.1957
0.4588
0.0
-0.34
0.25
-0.6229
0.0
-0.1779
0.0
0.7269
0.0
0.0
0.0
0.296
0.743
0.1506
0.4102
0.8434
0.0
-0.0772
0.0
-0.5423
0.4939
0.0
-0.4404
0.3818
0.4215
0.0
0.0
0.0
0.0
0.0
-0.3252
0.0
0.0
-0.3535
0.101
0.0
0.4877
0.0
-0.6652
0.0
0.0
0.1027
0.2263
0.6361
0.4767
0.0
0.0
0.0516
-0.296
0.9493
0.0
-0.5096
-0.5994
0.6124
-0.4767
0.0
-0.34
-0.5859
-0.5106
0.0
0.0
0.0
0.3182
0.2263
0.0
-0.34
-0.8953
-0.3612
-0.4588
-0.8987
0.0
0.0
0.0
0.0
-0.2057
0.0
-0.4019
0.4019
-0.0679
-0.3182
-0.5106
0.1625
0.0
0.0
0.0
0.5994
0.3818
0.1739
0.5999
0.4019
-0.0258
0.0258
-0.2617
0.0
0.3182
0.3182
0.0
0.5624
0.4019
0.1655
-0.4019
0.0
0.0
0.0
0.0
0.0
0.2732
0.5267
0.0
0.4767
-0.34
0.3382
0.0
0.3182
-0.926
-0.3612
-0.5423
0.714
0.25
0.86
0.4019
-0.126
-0.4404
-0.516
0.0
0.0
-0.2617
0.0
-0.4019
-0.5
0.4497
0.0
0.0
0.0
0.0
0.0
-0.5106
-0.6486
-0.4588
0.0
-0.6908
0.0
0.0
0.0
0.0
-0.1779
0.0
0.0
0.0
-0.3244
0.0
0.0
0.0
-0.481
0.0
-0.851
-0.3412
0.0
0.0
0.0
0.0
0.0
0.75
0.8999
0.0
0.2225
0.4137
0.0
0.0
0.0
0.2755
0.2755
-0.4019
0.0
0.0
0.0
0.6597
0.0
0.0
0.0
0.0
-0.1027
-0.765
-0.1901
-0.7003
0.0
0.0572
0.4404
0.0
-0.6124
0.5994
0.0
0.0
-0.4767
-0.3818
0.4215
0.0
-0.0258
-0.5951
-0.6124
0.4019
-0.2023
-0.296
0.0
0.0
0.0
0.0
0.0
0.0
-0.5994
0.3679
0.0
-0.8452
-0.2023
-0.7269
0.0
0.0
0.6077
0.2023
0.6249
0.4779
0.2263
-0.0772
0.0
0.0
0.2846
0.0
0.0
0.4404
0.5411
0.4754
0.8016
0.4404
0.0
0.0
0.6705
-0.1779
0.0
0.0
-0.4215
-0.4215
0.186
0.5473
0.5542
-0.4215
0.0
0.0
0.0
0.0
0.0
0.0
0.0
-0.0516
0.0
0.0
0.6486
0.4019
-0.1978
-0.2315
0.6808
0.0
0.0
0.0
0.0129
0.0
0.1779
0.4404
0.0
-0.296
0.0
-0.34
-0.296
0.296
0.4939
0.3608
0.0
0.0
0.9612
0.5859
0.0
0.0
0.0
0.4019
0.0
-0.34
-0.4003
-0.4019
0.0
0.1531
0.3612
-0.4019
0.0
0.0
0.7158
0.0
-0.926
0.3182
0.0
0.5106
0.5106
0.0
0.25
0.0
0.0
0.4019
0.0
0.6626
0.4019
0.0
0.5538
0.0
0.0
0.0
0.0
-0.7906
-0.296
-0.3612
-0.5106
0.2103
0.0
0.0
0.1779
0.4912
0.6705
0.1027
-0.5994
0.5106
0.34
0.34
0.0
0.4749
-0.4588
-0.2023
0.2836
0.4703
0.34
0.3612
0.3919
0.4019
-0.4019
-0.431
0.2732
0.0
0.0
0.0
0.4391
0.0
-0.128
0.0
0.34
0.7783
-0.2411
-0.4019
-0.2867
0.2732
-0.0772
-0.631
-0.2263
0.0
0.0
-0.296
-0.4019
-0.296
0.0772
0.7174
0.0
0.0
0.0
-0.4767
0.0
0.6705
0.0
0.1531
0.1779
0.0
0.0
0.0
-0.128
0.0
0.2732
-0.4215
-0.2732
-0.0572
0.3818
0.6192
0.0
-0.3412
0.0
0.0
0.296
0.0
0.0
0.0
-0.296
-0.9555
0.0
-0.5365
0.0
-0.8047
0.0
0.0
0.1862
0.7901
0.6706
-0.4088
0.0
0.3612
0.3182
-0.5106
0.0516
0.7063
0.0516
0.8573
0.0
-0.4019
0.0
0.5994
-0.7717
0.0
0.0
-0.296
0.0
0.8341
0.0
0.0
0.4404
-0.4215
0.3612
0.4215
0.4215
0.0
-0.296
0.0
-0.4215
-0.4019
0.0
0.0
0.0
0.0
0.0
0.0
-0.4019
0.0
0.0
0.0
0.0
0.3182
0.0
-0.885
-0.6249
0.4588
0.3089
0.1027
0.7884
0.6322
0.7178
0.3612
0.6597
0.9313
0.5574
0.5106
0.2263
0.7089
0.9632
0.2732
0.8775
0.0
0.0
0.5423
0.34
-0.296
-0.6369
0.0
-0.6369
-0.4019
0.5267
0.1779
0.2732
-0.296
0.0
0.0
-0.4767
-0.4588
0.0
-0.296
0.4019
0.9032
0.0
0.0
-0.3818
0.0
0.0
-0.1027
0.0
-0.34
0.0
-0.34
0.0
0.0
0.0
-0.6597
0.0
-0.4215
-0.6428
0.0
-0.1027
0.0
0.1635
0.4118
0.4404
0.4019
0.0
0.0
0.0
-0.5106
0.5423
0.3612
0.0772
0.0
0.0
0.2023
-0.4588
0.4215
0.0
0.784
0.0
0.296
-0.7311
0.655
0.4019
0.0
-0.296
0.0
0.0
0.0
0.1531
0.0
0.8286
0.4767
0.0
0.0
-0.296
0.0
0.0
-0.1779
-0.7876
0.0
0.0
-0.7096
0.0
-0.4199
0.0
0.0
-0.4703
-0.7351
0.0
-0.765
0.1531
-0.4215
-0.5106
0.0
-0.2411
0.0
0.0
-0.6369
0.0
0.0
0.34
0.0
0.0
0.0
-0.4019
0.0
0.516
0.4019
0.4404
0.0
-0.1232
0.34
0.0
-0.2495
0.0
0.0
0.0
0.0
0.0
0.296
0.0
0.0
0.0
0.0
0.0
0.0
0.5399
0.0
0.0
0.0
-0.4574
-0.5267
-0.3089
0.25
0.5927
0.0
0.1779
-0.34
0.0
0.0
0.0
0.2732
0.0
0.4019
0.4019
0.4019
0.3626
0.0772
-0.431
0.0
0.4215
0.0
0.0
-0.296
0.4228
-0.4019
-0.4019
0.4389
0.0
-0.5951
-0.6249
-0.4767
-0.34
0.3818
0.4019
0.4019
0.4215
0.4215
0.4019
0.3626
0.0
0.0
-0.3182
-0.4019
-0.4019
0.0
0.3182
-0.1027
0.6597
0.0
0.0258
0.0
0.0
0.631
0.128
0.0
0.0
-0.2722
0.8934
0.2617
0.4404
0.0
-0.0258
-0.4404
0.0
0.0781
-0.6597
-0.3818
0.0
0.0
0.0
0.0
-0.8734
0.0
0.3612
0.3818
0.4019
0.0
-0.4767
0.0
0.0
0.0
0.4404
0.0
0.0
0.0
0.0
0.0
0.3612
0.6486
0.5574
0.4754
0.1779
0.5742
0.0772
-0.4019
-0.2323
0.1779
0.0
0.4019
0.0
0.0
0.0
0.0
0.0
0.0
-0.3612
0.0
0.34
0.0
0.0
0.0
-0.296
0.0
-0.296
0.5267
0.0
0.0
0.34
-0.0387
0.0
-0.777
0.0
-0.2612
-0.9042
0.0
0.0
0.0772
0.1655
0.0
0.0
0.4215
0.0772
0.0
0.0
0.0
0.0
0.0
0.0
0.4019
0.2023
-0.4215
-0.296
0.0
0.0
0.0
0.0
-0.7574
0.25
-0.4019
0.1397
0.1779
0.5859
-0.4019
-0.296
0.0
0.2732
0.0
0.0
0.0
0.0
0.0
0.0
0.0
0.0
0.0
0.3182
-0.4404
0.2732
0.0
0.0
0.0
0.0
0.0
0.0
0.0
0.4898
0.5023
0.0
0.0
0.4939
0.9032
0.6652
0.34
0.0
0.0
0.0
-0.34
0.5267
0.296
-0.34
-0.34
-0.4215
0.0
0.0
0.0
0.0
0.0
-0.9753
-0.5423
0.0
0.25
0.0
0.4215
0.0
0.0
0.0
-0.4782
0.3818
0.0
-0.2584
0.0
0.128
0.0
-0.296
0.0516
0.4019
0.0
0.0
0.0
0.0
0.0
0.2244
0.0772
0.0
0.0
0.0
0.0
-0.3134
-0.4215
-0.4019
-0.7717
-0.6369
0.4559
0.0
0.0
0.0
-0.5781
-0.77
-0.5859
0.8743
0.0
0.0
0.0
-0.4019
0.6597
0.0
0.0
0.3089
0.0
0.0
0.0
0.0
0.6597
-0.4019
-0.296
-0.4215
-0.4215
0.0
0.0
0.0
0.0
-0.7351
-0.8658
-0.802
0.0
-0.34
0.0
0.128
0.0
0.0
0.296
-0.34
0.4019
0.4404
0.1027
0.0
0.0
0.0
-0.4767
0.0772
0.0
-0.357
0.0
0.0
0.0516
0.0
-0.2924
0.3818
0.3182
0.4019
0.3612
0.0
-0.296
0.0
-0.9719
0.4215
0.0
-0.743
-0.1759
-0.4782
0.0
0.2755
-0.25
-0.5719
0.0
0.0
0.0
0.4767
0.2144
0.0
0.0
0.4019
0.2003
0.0
0.1655
0.0
0.0
-0.3716
0.0
-0.2244
0.0
0.0
0.0
0.0
0.0
0.0
0.5859
0.0
-0.4215
-0.4589
-0.5423
-0.3612
0.7184
-0.5106
0.0
-0.1027
0.0
0.0
0.0
0.0
0.0
0.0
-0.296
-0.3612
0.0
0.3612
0.0
0.4215
-0.5106
0.6249
0.0
-0.7184
-0.6249
0.0
0.0387
-0.8087
-0.4767
0.4215
0.0
0.3818
0.0
0.0
0.0
0.0
0.0
0.0
0.5487
0.0
-0.296
0.7096
-0.3875
-0.1263
0.0
0.4926
0.3818
-0.2023
0.3284
0.0
0.0
0.0
0.5499
0.0
0.0
0.0
-0.6167
0.4019
0.0
0.34
-0.34
-0.4833
0.0
-0.9118
-0.9158
-0.6597
0.0
0.8779
0.9349
-0.2732
0.0
0.0
0.0
0.0
0.0
-0.296
0.0
-0.3612
0.7351
0.0
0.0
0.743
0.5647
0.5719
-0.7783
0.296
-0.3412
0.0
-0.8185
0.3612
0.4939
0.0
0.25
0.5859
-0.128
0.0
-0.4767
0.4019
-0.2732
0.0
0.4588
0.3182
0.0258
0.0
-0.2924
0.2732
0.3182
-0.4062
0.3612
0.0
0.1529
0.1801
0.3612
0.0
0.3612
-0.0516
-0.7964
0.0
0.5719
0.4215
0.0
0.0
0.0
0.8573
0.4215
-0.5423
-0.7841
0.3818
0.0
-0.4939
-0.34
0.4069
-0.6908
-0.2755
-0.4574
0.0
0.7469
0.0
0.0
0.1901
-0.4035
0.0
-0.5859
0.5423
-0.34
-0.34
0.6369
-0.2411
0.6124
-0.34
0.2732
-0.4005
-0.0387
0.0
-0.4019
0.0
0.0
0.0
0.3802
-0.416
0.4019
0.0
0.0
-0.296
0.0869
0.0
0.0
0.0
-0.2023
0.2732
0.8016
0.0772
0.9253
0.6705
0.694
0.34
0.4574
0.0
0.3761
-0.34
-0.6059
0.0
0.3182
0.296
0.0
0.1779
0.0
0.6486
0.0
-0.4019
0.3947
-0.3263
0.0
0.0
-0.8074
0.0
0.3182
0.3612
0.4404
0.0
0.0
0.0
0.0
-0.4738
-0.0258
0.2263
0.0
0.4404
0.8519
0.0
0.0
0.0
0.0
0.0
0.4404
-0.743
0.0
-0.6792
0.0
-0.2057
-0.3626
0.1779
0.4019
0.0
-0.4019
0.5719
0.0
0.0
-0.2023
0.0
0.2363
0.6476
-0.4033
-0.0772
-0.5719
0.0
0.3612
-0.6705
0.4019
-0.3089
0.8338
0.0
0.4199
0.3071
0.3612
0.0
0.8689
-0.4767
-0.5719
0.0
0.7783
0.4404
0.2003
-0.4019
0.4019
0.0
0.0
0.0
0.34
0.4101
0.0
0.2263
0.4019
0.0
0.0
-0.5423
0.6249
0.0
0.3612
0.5499
0.0
0.0
-0.5719
0.0
0.0
0.0
0.0
0.7184
0.3182
0.9236
-0.4019
-0.5719
-0.3612
0.8771
0.0
0.0
0.0
0.0
0.0
0.3612
0.0
0.0
-0.4019
-0.3818
0.2658
-0.5951
-0.4614
-0.34
0.0
-0.0258
0.2263
-0.2635
0.0
0.1561
-0.6506
0.3013
0.0
-0.1351
0.5719
-0.6636
0.0
0.0772
0.0
0.0
-0.2732
0.3291
0.0
0.0
0.0
0.0
0.5927
0.4215
-0.9745
-0.8847
-0.296
0.296
0.1779
0.0
-0.6597
0.0
0.0772
0.0
0.4215
0.0
0.0
0.0
-0.2023
0.0
0.0
0.0
0.0
0.0
-0.4019
0.0
-0.0772
0.0
0.0
-0.6833
0.2263
0.0
0.0
0.0
0.2263
0.0
0.0
0.0
0.0
0.7269
0.0
0.0
0.0
0.0
0.0
-0.296
0.0
0.6705
0.2263
0.9577
0.4019
-0.802
-0.4215
0.0
0.2263
0.0
0.4404
0.296
0.0
-0.6664
0.4927
0.0
0.0
0.0
-0.4215
0.2732
0.0
0.0
0.0
0.0772
0.0276
-0.765
0.0
-0.7622
0.4019
0.0
-0.7184
0.0
0.3182
0.0
0.0
0.4215
-0.0129
-0.1877
-0.765
0.0
-0.3007
0.0
-0.2411
0.0
0.4199
0.4574
0.0
0.34
0.0
0.7556
0.0
0.4019
0.0
0.0
0.0
0.0
0.0
0.6369
0.6124
-0.4005
0.0
0.3818
0.0
0.0
0.0
0.0
0.0
0.0
0.3612
0.2732
0.7906
-0.4019
0.0
0.6124
0.0
0.0
0.0
0.0
0.8461
0.0
-0.8176
0.4215
0.3612
0.0
-0.34
0.0
-0.5106
-0.9841
0.223
-0.4215
0.4588
-0.3491
0.0
0.0
0.128
-0.4019
0.4588
0.0
-0.3182
0.0
0.2023
0.0
-0.296
0.0516
0.25
-0.0423
0.0
-0.4753
0.0
0.0
0.3612
0.2263
0.3612
0.128
0.1779
0.0
0.0
0.0
0.0
0.3612
0.0
0.7713
0.2263
0.0
0.0
0.0
-0.4588
0.0
0.0644
0.4184
0.0
-0.6519
-0.25
0.0772
0.0
0.0
-0.5106
0.4199
-0.5106
-0.5423
0.0
0.0
-0.34
0.0
0.0
0.0
0.4215
0.0
0.0
0.0
0.2263
0.8651
0.0
0.6705
0.2263
0.3612
0.6597
0.4215
-0.5423
0.0
-0.4019
0.0
0.1779
0.0
0.8264
0.0
0.7125
0.0
0.0
-0.6652
-0.296
0.0
0.0
0.0
0.0
-0.3724
0.0
0.0
0.0
0.0
0.128
0.0
0.0
-0.7043
0.0
-0.1531
0.296
0.4215
0.4215
0.0
0.0
0.7351
0.0
0.0
0.4215
0.6369
0.0
0.3401
0.7184
0.3818
0.0
0.0
-0.2732
0.0
-0.2263
0.0
-0.4019
-0.34
0.0
0.0
-0.5423
0.0
0.0
0.4019
-0.2411
0.2732
0.7156
-0.2023
0.4019
0.0
0.0
0.0
0.0
0.0
0.2023
0.0
0.0
-0.3566
0.3612
0.3612
0.0516
0.4215
0.4497
0.6597
0.0
0.0
0.1124
-0.3491
-0.1531
0.4019
0.0772
0.0
0.0
0.3612
0.0
0.0
0.0
0.0
0.0
0.0
0.0
0.0
-0.4019
0.0
0.0
0.4019
0.0
0.3612
-0.5574
0.4215
0.0
-0.4019
0.0
-0.3089
0.3818
0.0
0.1386
-0.4585
0.0
0.0
0.0422
-0.2558
0.0
0.0
0.0
0.0
0.5426
0.0
0.4912
-0.5255
0.2382
0.6523
0.0
-0.5517
0.0
0.0
0.0
0.0
0.0
-0.6652
0.0
0.0
0.0
0.0
0.0
0.0
0.0
-0.6652
0.0
0.0
0.4939
-0.296
0.0
0.0
0.0
0.6222
-0.5423
-0.9269
0.0
0.0
-0.5859
0.0
0.34
0.7964
-0.4215
0.7184
0.0
0.6605
0.4404
-0.2401
0.7884
0.1027
0.4404
0.0
0.6124
0.2589
0.2411
0.5994
0.3182
0.5756
0.3182
0.0
0.2732
0.0
-0.34
-0.4767
0.0
0.0
0.8519
-0.5994
-0.296
0.0
-0.34
0.34
0.5859
0.8481
0.5719
0.4019
-0.296
-0.5859
-0.34
-0.9942
0.0
0.0
-0.4767
0.6476
0.8591
0.0
0.0
0.765
0.0
0.6486
0.0
0.0
0.0
0.0
0.3818
0.0
0.0
0.0
0.0
0.0
0.0
0.0
0.0
0.0
-0.2363
0.3182
0.0
0.3818
-0.5423
0.0
-0.2023
-0.296
0.0258
0.0
-0.4588
0.0
0.2732
0.0
0.0
0.0
0.0
-0.3612
0.0
0.0745
0.0
0.0
0.0
0.3182
0.0
0.4215
0.5945
-0.2023
0.0
-0.6705
0.8067
0.0
0.0
0.0
0.0772
0.0
0.6124
0.0
-0.4215
0.0
0.0
0.0
-0.5574
0.4404
-0.0258
0.0258
0.3612
0.0
-0.3802
0.0
-0.4588
-0.3595
0.0
0.5562
0.1901
-0.6597
0.296
0.3182
-0.2023
-0.296
0.0
0.0
0.0
0.0
0.0
0.0
-0.296
-0.296
0.0
0.0
0.0
-0.7027
0.4404
0.0
0.0
-0.3612
0.0
-0.5267
0.0
-0.4404
0.0
-0.1531
0.0
0.2732
0.2023
0.5848
0.0
0.8442
0.0
0.0
0.0
0.4215
0.0
-0.5267
0.0
-0.296
0.0
0.0
-0.4215
0.4215
0.0
0.0
-0.4939
0.0
-0.296
0.0
0.0
0.3818
0.765
-0.1027
-0.4215
-0.0258
0.0
0.34
-0.0258
-0.128
-0.5759
-0.4019
-0.4767
0.6369
0.0
0.0
0.2732
-0.2306
0.0
-0.3612
0.0
-0.5951
0.0
-0.4497
0.0
-0.3252
-0.6486
-0.4767
0.4404
-0.2584
0.3818
0.0
0.0
-0.6705
0.0
-0.0516
-0.5106
-0.9037
0.0
0.5422
0.0
-0.4215
0.0
-0.4039
-0.5255
0.0
0.7964
0.6249
-0.0093
0.25
0.0
0.1396
0.3612
0.5106
0.0
-0.296
0.3182
0.0
0.0
-0.9907
0.0
0.0
0.0
0.0
0.0
0.3792
0.6258
0.5675
-0.5739
-0.5267
0.0
0.0
0.0
0.4404
0.5994
0.0
-0.0516
0.0
0.2023
0.1779
0.5574
0.0
0.0
0.0
0.0772
0.0
0.0
0.5106
-0.0772
-0.4019
0.0
0.0
0.5423
0.0
-0.7662
0.296
0.0
0.2732
0.5248
0.0772
-0.3578
0.0
0.3182
0.0
0.0
0.0
0.0
0.0
0.0
0.3182
0.0
0.0
0.0772
0.0
0.296
0.5423
0.1027
0.3182
-0.5423
0.0
0.0
0.0
0.0
0.4019
0.296
0.3774
-0.296
0.0
0.0772
0.0
0.9052
0.0
-0.0516
-0.5423
0.3612
0.3612
0.0
0.0516
-0.5659
0.4199
0.0
0.3182
-0.6808
-0.5683
0.0516
0.5719
0.3182
0.3182
0.3182
0.0
-0.0772
0.0
0.0
-0.7096
0.4939
0.2732
0.5574
-0.7391
-0.6187
0.0
0.3182
0.0
-0.3612
0.0
0.0
0.0
0.0
0.4019
0.3182
0.4019
0.0
-0.0418
0.0
0.0
-0.4019
-0.1154
0.089
0.4939
0.7096
0.0
-0.9022
0.0
0.9785
0.0
0.0
0.0
0.1139
0.0
-0.1531
0.4215
0.0
0.0
0.4019
0.0
0.2023
0.5473
0.0
0.6249
0.0
0.0
0.8519
-0.4019
-0.5994
0.0
0.0
0.0
0.0
-0.4215
-0.34
0.856
0.0
0.296
0.4588
0.2387
0.296
0.6486
-0.438
0.0
0.0
0.0
0.0
0.4404
0.3612
0.0
-0.7783
0.0
0.4404
0.7096
-0.3182
0.2975
0.0
0.0
-0.4767
-0.7269
0.0
0.0
0.7501
-0.2263
0.34
0.0
0.0
0.0
0.2263
-0.1882
-0.4019
-0.85
0.4019
0.0
-0.4019
-0.3535
0.0
0.3182
0.0
-0.4215
-0.4404
-0.4019
0.4019
0.0
0.0
0.4404
0.0
0.0
0.0
-0.6239
-0.3182
-0.7096
0.8988
0.0
0.0
0.4497
-0.1319
0.3612
-0.6486
-0.5106
0.0
0.7845
0.4019
-0.5574
0.8646
0.25
0.0772
0.6705
0.25
0.0
0.3612
0.2732
0.0
-0.0772
-0.2411
-0.0258
-0.0258
0.5095
0.0
0.6249
0.4754
0.0
0.0
0.0
0.0
-0.7469
0.0
0.0
0.0
0.0
0.0
0.0
0.0
0.0
0.0
0.0
0.1779
0.0
0.34
-0.5267
0.0
0.1531
0.4404
0.0
0.0
0.4404
0.0
0.0
-0.6369
0.0
-0.5837
0.0
0.0
0.0
0.34
0.0
0.5719
0.0
0.0
0.4019
-0.5106
-0.4874
-0.4019
0.6326
0.0
-0.4767
0.0
0.296
0.0
0.0
0.0
0.0
0.0
0.2732
0.0
0.0
0.0
0.0
0.0
0.4939
0.0
0.0
0.0
0.4404
0.6757
0.6124
-0.296
0.7351
0.5416
0.0
-0.6369
0.1779
-0.4019
-0.3252
0.4299
0.0
0.3612
0.0
-0.5423
-0.9214
0.0
0.0
-0.6808
0.0258
0.0
-0.4019
0.0
0.4023
0.0
0.0
-0.296
-0.34
0.0
0.0
0.7506
0.4019
0.0
-0.9517
0.4404
-0.3527
0.4019
0.4019
0.0
-0.2411
0.0
0.128
-0.0258
-0.4215
0.0
0.2144
0.3182
0.0
-0.2732
0.2769
0.0258
0.2263
0.4767
0.4939
0.0
0.128
0.0
0.34
0.0
0.4019
0.0
0.0
0.765
0.3384
0.0
-0.4019
0.5023
0.4019
0.4019
0.0
0.2263
0.0
0.296
0.0
0.3182
0.0
0.4019
0.296
0.5499
0.3612
0.0
0.0
0.0
0.3612
0.0
-0.25
0.6741
-0.7783
0.0
0.4767
0.4215
0.0
0.0
0.0
0.0
0.3612
0.4019
0.0
0.0
-0.128
-0.5574
0.1027
0.3612
-0.3182
-0.5448
0.0
0.4754
0.0
0.0
0.0
0.0
0.5106
0.3612
-0.3412
0.4404
0.7391
-0.5983
0.296
0.4318
0.0
0.0
0.0
0.0
0.0
0.0
0.0
-0.4215
0.0108
0.2023
-0.1027
0.0772
0.0258
-0.0572
0.0
0.0
0.4215
0.0
0.0
0.0
-0.4753
0.0
0.0
0.4019
0.0
0.6242
0.0
0.0
-0.7884
0.1513
0.0498
-0.6486
-0.5801
-0.296
-0.8555
0.0
0.0
0.0
-0.685
0.0
0.0
0.4404
0.0
0.4215
0.4404
-0.4588
-0.4019
0.4019
-0.3612
0.4215
0.4019
0.0
0.0
0.0
0.0
0.2263
0.3382
0.0
0.0
0.0
0.0
0.0
0.0
0.0
0.0
0.1531
0.0
0.0
0.0
-0.25
0.0
-0.2755
-0.4215
0.0
-0.296
0.1779
0.0
0.0
0.0
0.0
0.0
0.0
0.0
0.0
0.7876
0.0
0.0
0.0
0.0
0.0
0.5994
0.0557
0.0
0.0
0.3182
0.4486
0.0
0.0387
0.0
-0.4215
0.5859
0.0
-0.4767
0.0
0.0
0.0
0.0
0.0
-0.3615
-0.1027
0.0
0.4278
0.0
0.0
0.0
0.3182
0.3182
0.0
0.3291
0.1872
0.0
0.4019
0.296
0.0
0.0
0.0772
0.0
0.3182
0.0
0.0
0.0
0.4588
0.0
0.0
0.7914
0.2413
0.0
0.0
0.4939
0.0
0.5661
0.4019
0.6597
-0.4215
-0.5399
-0.2263
0.0
0.4404
0.3832
0.0
0.0772
0.4019
-0.0258
-0.3213
0.25
0.0
-0.7964
0.0
0.4019
0.0772
0.0
0.0
-0.9329
-0.7351
0.0
0.6745
-0.765
0.3182
0.0
0.3612
0.4215
0.34
0.549
0.0
0.5574
0.0
-0.34
0.7901
0.6407
-0.6504
0.3174
0.0
0.0
-0.296
0.4215
-0.296
0.0
0.9795
-0.5892
0.2828
0.0
0.0
0.0
0.0
-0.4019
-0.1855
-0.4404
0.0
-0.1531
0.0
0.2263
-0.0772
0.34
0.0
-0.34
0.0
-0.0299
0.5859
-0.0258
0.9604
0.0
0.0
0.0
0.0
0.0
0.2382
0.0
-0.296
0.0
0.0
-0.765
0.0
0.4215
0.0
0.0
0.6486
-0.2144
0.4588
0.628
-0.7003
0.0
0.0
0.0
0.0
0.0
0.0
0.8271
-0.6947
-0.302
0.3612
0.4404
-0.7249
-0.4019
0.4588
0.0
0.0
0.0
0.5859
0.0
-0.34
-0.296
-0.296
0.0
0.3947
0.4215
-0.1109
-0.2411
-0.22
0.0
-0.2411
0.5854
0.4657
-0.5664
-0.34
0.0
0.0
0.0
-0.4118
0.3612
0.0
-0.6369
-0.3382
0.0
-0.34
0.0
0.4019
0.34
-0.3182
0.0
0.4019
0.0772
-0.2057
0.0516
0.0258
0.0
0.6705
0.9001
0.8176
0.0258
0.4767
0.0
0.1531
0.1027
0.128
0.1451
0.6908
0.2263
0.0
0.128
0.3919
0.0
0.1027
0.0
0.0
0.0
0.0
0.0
0.0
-0.296
0.0
0.8442
0.0
0.0
-0.296
-0.6705
0.0
-0.4019
-0.25
0.5574
0.2382
0.7269
0.3818
-0.0772
0.0
0.4472
0.0
0.0
0.0
0.0
-0.7096
0.0
0.0
0.0
-0.4767
0.3182
0.3182
0.3182
0.3182
0.0
0.1779
0.0
0.4215
0.0
0.296
0.4019
0.9217
0.0
0.7579
0.25
0.1779
0.0
0.0
0.0
0.0
0.0258
0.4019
0.6369
0.6369
0.4019
0.0
0.0
0.0
0.0
0.2023
0.4753
-0.0258
0.4574
0.7347
0.5719
-0.2144
0.2732
-0.1531
0.4019
0.0
0.0
0.0
0.1548
0.0108
0.4404
0.0
0.0
0.0
-0.1027
0.0
0.0772
0.0
0.0772
0.0772
0.0
-0.1548
0.2144
0.7351
-0.296
-0.9571
-0.6765
0.0
-0.296
0.0
0.3182
0.296
0.4767
-0.4019
-0.3291
0.4588
0.0
0.3626
0.0
0.0
-0.8226
0.3182
0.4215
0.0
0.0
0.0
0.7579
-0.3182
0.0
0.0
0.0
0.5719
0.0
0.2263
-0.481
0.8922
0.0
0.0
0.2354
0.0
0.0
0.3612
0.0289
0.0
-0.9784
-0.1685
-0.5994
0.0
0.0
0.5859
-0.3612
0.4019
0.128
0.0258
-0.2411
0.1154
0.5542
0.0
-0.1027
0.0
0.0
0.4588
0.0
0.2263
0.9664
0.6048
0.4019
-0.6249
0.6124
0.0
-0.3612
0.4215
0.0
-0.3612
-0.7184
-0.3016
0.0
0.0
-0.3182
-0.4019
0.4019
0.0
-0.296
0.25
0.4019
-0.4215
0.0
0.0
0.0
0.0
-0.5859
0.3645
0.8923
0.2023
0.0
0.0
0.0
0.0
0.3612
-0.3291
0.2238
-0.4497
0.0
0.1962
-0.4939
-0.2145
0.4404
0.0
0.0
-0.5994
-0.9674
-0.8537
-0.2944
-0.5455
0.0
0.6705
0.0
0.0
0.6486
0.0
0.0
0.2732
0.4927
0.0
0.2755
0.0
0.0
0.0
0.0129
0.4019
-0.4796
-0.4019
0.0
-0.0754
0.2023
-0.25
0.0
-0.4215
-0.1531
0.0
0.0772
0.5104
0.0
0.4019
0.0
0.4559
0.0
0.0
-0.296
-0.1027
-0.4926
0.3818
0.4588
0.0
0.3626
0.0
0.25
0.6369
0.0
0.3595
0.34
0.0
0.0
0.4404
0.4019
0.34
0.5789
0.4019
-0.296
0.0
-0.4215
0.6908
0.0
0.0
0.0
0.0
0.6124
-0.1232
0.7506
-0.4215
-0.4215
-0.3923
0.3612
0.0772
0.0
0.0
0.0
0.0
0.34
-0.6561
0.0
0.0
0.0
-0.4238
0.0
-0.3612
0.0
-0.3612
0.0
-0.0772
-0.4019
0.0
-0.5423
0.0258
0.1779
0.4939
-0.34
-0.5574
0.0
0.0
0.0
0.4019
0.0
0.0
0.5106
0.2023
0.6983
0.0
-0.3877
-0.3612
0.0
0.4019
0.6369
0.0
0.3626
0.0
0.0
0.0
0.0772
0.0
0.0
0.0
0.0
0.0
0.0
0.0
0.0
0.0
0.0
0.0
0.0
0.0
0.0
0.0
0.0
0.0
0.0
0.0
0.0
0.0
0.0
0.0
0.0
0.0
0.0
0.0
0.0
0.0
0.0
0.0
0.0
0.0
0.0
0.0
0.0
0.0
0.0
0.0
0.0
0.0
0.0
0.0
0.0
0.0
0.0
0.0
0.0
-0.3612
0.0
0.0
0.0
0.0
0.0
-0.5994
0.0
0.1027
-0.25
0.3182
-0.3382
0.0
0.0
0.0
-0.4588
0.6999
-0.2168
0.6114
-0.296
0.0
-0.4023
0.0
0.0
0.0
0.0
0.0
-0.5207
0.4404
-0.4767
0.6597
0.0
0.0
0.0
0.0
0.5106
0.6486
-0.5106
-0.4019
0.0
0.6249
0.5095
0.765
0.0
-0.0516
0.9436
0.3612
0.0
0.0
-0.7155
0.0
0.0
0.0
0.1007
0.0
0.0
0.0
-0.0284
0.1779
0.0772
0.0
0.0
-0.1531
0.6705
-0.4019
0.0
0.0
0.0
0.0
0.0
-0.2411
0.3182
-0.802
0.0
0.0
0.0
0.0
0.0
-0.3818
0.3182
0.0
0.0
0.0
-0.9217
0.0
0.0
0.4404
0.0191
-0.6249
0.0
0.0
0.0
0.2732
0.0
-0.3274
0.0
0.0
0.0
-0.4019
0.0
0.0
0.0
0.0
0.0
0.3182
0.0
0.0
0.0
0.0
0.0
0.0
-0.4019
0.0
-0.128
0.0
0.0
0.0
0.0
0.0
0.0
0.126
0.0
0.8121
0.4406
0.0
0.9753
0.0
0.0
0.296
0.0
-0.2023
0.3818
0.0
0.0
0.0
-0.3291
0.5927
-0.6731
0.0
0.0951
0.0
-0.1154
0.0
0.0
0.0
0.8251
-0.296
0.0
0.0
-0.5106
-0.4926
-0.7184
0.0
0.0
0.2263
-0.3182
0.3182
0.0
0.0
-0.2617
0.0
-0.2263
-0.9423
0.0
-0.4767
0.0
0.0
0.3774
-0.34
0.4588
-0.1093
-0.2411
0.0
0.0
0.594
0.3818
0.296
-0.1531
0.0
0.0
0.0
-0.0258
0.0
0.0
0.0
0.0
0.0
-0.4019
0.5837
0.0
-0.4019
0.0
0.0
-0.4767
0.0
-0.1761
-0.4574
0.0
0.0
-0.0762
0.4926
0.0
0.0
0.0
0.4199
0.4201
0.4201
-0.4019
-0.4767
0.0
0.0
0.3182
0.0
-0.6666
0.0
0.7579
-0.2263
0.0
0.2741
0.5719
0.0
0.0
0.4019
0.0828
-0.4019
0.4215
-0.4019
0.0
0.0
0.0
0.128
0.9042
0.0
0.5423
0.0
-0.3612
0.0
0.0
0.0
0.0
0.4019
0.4019
0.0
0.0
0.0
-0.4019
0.1027
-0.8126
0.4019
0.6249
0.2083
0.4019
0.1027
-0.8126
0.0
0.34
0.0
-0.6597
0.0
0.0
0.0
0.0
0.0
-0.9217
0.8519
0.34
0.0
0.0
0.0
0.0
-0.3724
0.0
0.0
0.4215
0.0
0.0
-0.7184
0.8042
0.0
0.0
0.2448
0.0
-0.8945
-0.2937
-0.296
-0.3089
-0.6571
0.9912
0.0
0.0
0.4019
0.0
0.0
-0.2263
0.2732
0.0
0.0
0.0
0.4754
-0.6124
0.0
-0.6597
-0.2144
0.0
0.6557
-0.4019
-0.1901
0.0082
-0.5267
-0.7575
-0.1027
0.0
0.9886
0.0
-0.9702
0.0
0.0
0.4019
-0.4019
0.6486
0.0772
0.3182
0.0
0.0
-0.4019
0.1923
0.0
0.4019
0.0
0.4939
0.4939
0.0
0.0
0.0
0.3182
-0.34
0.4019
0.0
-0.743
-0.4019
0.0
0.7054
0.3814
0.4019
0.2411
0.4574
-0.3182
0.431
0.0
0.0
0.0
0.0
-0.0191
0.0
0.0
0.0
0.0
0.0
-0.8225
0.0
0.0
0.0
0.0772
0.34
0.0387
0.0
0.4019
0.3182
0.0
0.8563
0.8429
0.3182
0.0
0.0
0.0
0.0
0.0
0.5994
0.8316
0.0
0.0
0.228
0.0
-0.7964
0.5905
0.0644
0.0
-0.2883
0.4404
-0.3291
0.0
0.0
0.0
0.4404
0.0
-0.34
-0.6757
0.077
-0.4767
0.0
-0.8208
0.6167
0.0
0.0
-0.2924
0.0
-0.4921
0.0
-0.4019
0.0
0.1531
0.0516
-0.5994
0.0
0.0772
0.765
0.692
0.3612
0.0
0.2023
0.0
0.0
0.4404
0.0772
0.6808
0.0
0.0
0.4019
0.25
0.0
0.0
0.0
0.0
0.25
0.0
0.0
0.0
0.3182
-0.4767
-0.4767
0.0
0.0
0.6192
0.0
0.0
0.0
0.0
-0.91
0.0
0.0
0.0
0.0
0.0
0.3818
0.5235
0.5553
0.4019
0.0
0.4019
-0.296
-0.1779
0.0
0.0
0.0
0.0
-0.3182
0.0
0.0
0.2144
0.0
-0.2023
0.0
-0.4005
0.7034
0.34
0.0
0.0
0.0
0.3612
0.5994
0.0
0.1779
0.6597
0.1134
0.2144
0.0
0.0
0.5994
-0.9022
0.0
0.4019
0.1531
-0.1027
0.2023
0.3089
0.6808
0.4019
0.4404
0.4926
-0.836
-0.1027
-0.7184
0.0
-0.4019
-0.296
0.4404
0.0
0.8122
-0.3767
0.1513
0.0
0.0
0.3506
0.0
0.0
-0.4767
-0.4886
0.0
0.0
0.0
0.0
0.0
0.0
0.8555
0.3612
0.0
-0.0258
0.0
0.0772
0.0
0.3612
0.0
0.0
0.0
0.0
0.0
0.0
0.4019
0.0
0.0
0.34
0.0
0.0
-0.296
0.1779
-0.296
0.1779
0.4404
-0.631
0.0
0.0258
0.0
0.0
0.0
0.4019
-0.188
0.0
0.5256
0.7063
-0.296
-0.6486
0.0
0.0
0.0
0.0
-0.0286
0.0
0.0
-0.4019
0.0
0.0
0.0
-0.5106
-0.1531
0.0
-0.7851
0.34
0.0
0.0
-0.3412
0.3612
0.34
0.0
0.0772
0.3182
0.3182
0.3182
0.3182
0.0
0.0
0.0
0.0
0.0
0.0
0.0
0.7717
0.0
0.4588
0.5719
0.0
0.0
-0.2263
0.5106
0.3182
0.3182
0.3182
0.0
0.0
0.4215
0.0
0.4404
0.0
0.0
0.2411
0.2415
0.0
0.0
0.0
0.4753
0.0
0.0
0.0
0.0
0.0
0.0
0.0
-0.2023
0.0
0.6369
0.0
0.34
0.34
0.0
0.0
-0.6124
0.0
0.0613
0.0
-0.2263
0.0
0.0
0.0
0.0
0.0
0.0
0.0
-0.1134
-0.4019
0.0
0.34
0.5859
0.3612
-0.1779
0.0
0.0
0.0
0.0
-0.7845
-0.34
0.0
-0.4019
0.0
0.0
0.0772
0.4939
0.0
0.8192
0.8625
0.0857
0.7606
0.7043
-0.7234
0.0
-0.296
0.0
0.0258
0.0
0.0
0.0
0.0
0.0
0.0
-0.296
0.4404
0.0
-0.4767
0.0
0.0
0.2263
0.0
0.0
0.0
-0.34
-0.0516
0.0
0.0
0.0
0.2732
0.1372
0.6077
-0.4215
0.0
0.3182
0.0
0.2732
0.0
0.0
0.0
0.555
0.0
0.0
0.4588
0.0869
0.34
0.0
0.2732
0.0
0.4926
0.0
0.5574
0.4168
0.34
-0.296
-0.8579
-0.3612
-0.6386
0.0
0.0
0.0
0.0
0.0
0.5696
0.0
0.0
0.0
0.0258
-0.4019
-0.6124
-0.3535
-0.296
0.0
0.7213
0.0
0.0
0.2732
0.0
0.0
0.0
0.0
0.0
0.0
0.0
0.0
0.0534
0.5927
0.0
0.2263
0.0
0.3612
-0.6597
0.9145
0.0
0.4019
0.4019
0.0
-0.2411
0.0
0.0
-0.2483
0.5632
0.2042
0.7425
-0.1779
-0.296
0.0
-0.6705
0.0
0.0
0.8481
0.0
0.7964
0.0
0.3612
0.7366
-0.1689
0.2023
0.34
0.4927
-0.34
0.0
-0.3818
0.0
0.2732
0.2263
-0.3612
0.0
0.4215
0.0
-0.296
0.0
0.0
0.4019
0.0
0.8146
-0.4767
-0.1027
-0.296
0.128
0.0
0.0
-0.3182
0.0
0.0
0.0
-0.296
0.0
0.4069
0.0
0.0
0.0
0.0
0.0
0.3612
0.0
0.5207
0.0
0.0
0.0
0.0
0.0
0.3612
0.0
0.0
0.0
0.2877
0.0
0.6779
0.0
0.3612
0.0
0.0
0.6369
0.0
0.3818
0.0
-0.2732
0.0
0.0
0.0
-0.3182
0.2263
0.0
0.4404
0.0
0.4404
0.0
0.0
0.0
-0.1027
0.4588
0.0
-0.4019
0.34
-0.296
-0.3556
0.0
0.0
-0.5932
0.0
0.0
-0.1027
0.6249
0.0
-0.4019
0.6908
0.2235
-0.3699
0.0
-0.25
0.7717
0.0
-0.296
-0.5267
-0.296
0.3182
0.4019
0.0
0.4404
0.4497
0.0
-0.6555
-0.2821
0.0
-0.1695
0.0
0.6249
0.0
0.0
0.0
0.0
0.0
0.0
0.0
0.0
0.0
0.0
0.0
0.0
0.0
-0.5267
0.0
0.0
0.0
0.0
0.0
0.4215
0.0
0.0
-0.4939
0.0
0.0
0.3182
0.0
0.0
0.0
0.0
0.0
0.5927
0.3804
0.3182
0.0
-0.0516
-0.4215
0.3182
0.0
-0.1548
-0.5994
-0.296
0.0
0.34
0.6808
-0.4019
0.0
0.0
0.3597
0.0
-0.4019
0.0
0.6705
0.0
0.0
0.4939
0.0
0.0
-0.4215
-0.2411
0.0
0.0
0.25
0.0
0.0
0.0
0.0
0.0
-0.6705
0.0
-0.4767
-0.4199
0.7622
0.4215
0.0
-0.2263
0.0
-0.5106
-0.765
0.0
0.0
0.0
0.34
0.0
0.0
0.0
0.0
0.3883
0.296
-0.4164
0.0
0.0
-0.1027
0.34
0.0
0.0516
-0.1655
0.0258
0.4939
-0.561
-0.837
0.0
0.0
-0.2732
0.0
-0.2023
-0.1531
0.3182
0.0
0.3818
0.0
-0.4767
0.0772
0.3182
0.0
0.4404
-0.3007
0.6597
0.0
-0.1531
0.4404
0.0
0.0
0.0
0.0
0.0
-0.2955
0.2732
-0.4753
0.1901
0.0
0.0
0.7003
-0.7506
0.0
-0.6643
0.875
0.3612
0.5093
-0.296
0.0
0.0
-0.6124
0.7146
-0.4215
-0.5927
0.0
-0.7152
0.0
0.7184
0.0
0.6666
0.0
0.9325
0.6249
0.4848
0.5106
0.4886
0.0
0.0
0.3473
0.0
0.4404
0.0
0.4019
0.7974
0.0
0.0
0.0
0.0
0.0
-0.577
-0.128
0.0
0.0
-0.5439
0.0
-0.1531
0.128
0.6808
0.6597
0.8499
0.8242
0.0
0.8294
0.3299
0.0
0.0
0.0
0.3182
-0.1007
0.0
0.4019
0.0
-0.7351
-0.4019
0.0
0.5927
0.0
0.0
-0.6124
-0.1027
-0.0171
0.5267
-0.3865
0.5423
0.0
-0.2263
0.1531
0.0
0.0
0.6705
0.0516
0.0258
0.3182
0.0
-0.34
0.6316
-0.4019
-0.3724
0.3337
0.0
0.0
-0.5893
0.0
0.0
0.6249
0.0
0.4019
0.4019
0.296
0.6705
0.2732
0.6858
0.0
-0.6428
-0.34
0.0
0.0
0.0
0.0
0.0
0.6124
0.0
0.0
0.4939
0.0
0.4019
-0.6908
0.1572
0.0
0.1901
0.5118
0.368
0.4404
0.296
0.0
0.0
0.34
0.5574
0.0
-0.0191
-0.1725
0.34
0.0258
-0.4416
-0.2732
0.0
-0.4019
-0.636
0.3612
0.3612
0.3612
0.5574
0.0
0.3869
0.3612
0.34
0.0
0.0
0.4588
-0.4019
0.3612
0.0
0.0
0.0
0.0
0.7499
0.3506
-0.3182
0.0
0.0
0.0
0.2732
0.0
-0.5994
0.0
0.0
0.0
0.6597
-0.0258
0.3321
0.1007
0.0
0.6369
0.0
0.802
0.0644
-0.4019
0.1901
0.0
0.0
0.5965
0.2263
-0.5106
0.0
0.0
0.4404
0.0
0.0
0.0
0.0
0.3134
-0.4767
0.34
0.0
0.3612
0.0
-0.6124
0.0
0.0
-0.4019
0.0
0.3182
0.0
-0.5106
0.0
0.0
0.0
0.9022
0.0
-0.4019
0.0
0.0
0.4576
-0.6908
-0.0516
-0.296
-0.0321
0.4404
0.0
0.5574
0.0
0.0
0.4144
0.0
0.0
0.0
0.0
0.4019
0.6124
0.0
0.6054
0.0
0.3612
0.0
-0.296
0.3182
-0.1779
0.3612
0.4939
0.0
0.9161
0.4939
-0.6486
-0.8008
0.0
-0.8625
-0.6728
0.4019
0.34
0.4588
0.34
-0.6808
0.0
0.5267
-0.2263
-0.4019
0.2732
0.0
0.6258
0.0
0.0
0.7003
0.7096
-0.3089
0.0
0.0
-0.4019
0.0
0.4019
0.0
0.25
0.0
0.4019
0.0
0.25
0.0
0.4019
0.0
0.25
0.0
0.4019
0.0
0.25
0.0
0.4019
0.0
0.25
0.0
0.4019
0.0
0.25
0.0
0.4019
0.0
0.25
0.0
0.4019
0.0
0.25
0.0
0.4019
0.0
0.25
0.0
0.4019
0.0
0.25
0.0
0.4019
0.0
0.25
0.0
0.4019
0.0
0.25
0.0
0.4019
0.0
0.25
0.0
0.4019
0.0
0.25
0.0
0.4019
0.0
0.25
0.0
0.4019
0.0
0.25
0.0
0.4019
0.0
0.25
0.0
0.4019
0.0
0.25
0.0
0.4019
0.0
0.25
0.0
0.4019
0.0
0.25
0.0
0.4019
0.0
0.25
0.0
0.4019
0.0
0.25
0.0
0.4019
0.0
0.25
0.0
0.4019
0.0
0.25
0.0
0.4019
0.0
0.25
0.0
0.4019
0.0
0.25
0.0
0.0
0.4019
0.0
0.0
0.0
0.2732
0.3182
0.0
0.3939
0.0
0.0
0.0
0.0
0.3485
0.4926
-0.6908
0.0
0.0
0.4019
0.0
0.5719
0.0
0.0
0.2363
0.0
-0.4019
0.0
0.5859
0.0
0.296
0.9382
0.2732
0.0
0.0
-0.296
0.6369
-0.1901
-0.4767
-0.34
0.0
-0.4019
0.0
0.0
0.0
0.0
-0.4019
0.0
0.4404
0.5473
0.0
0.0
-0.438
0.4754
-0.4576
-0.296
-0.481
0.0
0.2732
0.1027
0.3045
0.0
0.4404
0.2828
-0.4588
0.3182
0.0
0.0
0.0
0.0
0.0
-0.4867
0.5719
0.0
-0.3612
0.0
-0.128
0.2047
-0.0516
0.5023
-0.34
0.0
-0.1779
-0.296
0.6597
0.2732
-0.0562
-0.3125
0.0
0.6124
0.0
0.0
0.0
-0.4767
0.6369
0.659
0.0
0.4215
-0.4574
-0.0772
-0.6808
0.0
0.8294
-0.1027
-0.1027
0.8858
-0.6449
0.0
0.4215
0.2748
0.0
0.1779
-0.5093
0.0
-0.1779
0.4404
-0.4767
0.0
0.0
0.6369
0.0772
0.0
-0.1531
0.0
0.4976
0.0
0.0
0.0
-0.2263
-0.296
-0.4019
0.0
0.0
0.0
0.0
0.0
-0.0852
0.4019
0.0
0.0
0.0
-0.34
-0.4019
0.4019
0.0
0.128
-0.5423
0.0
0.0
0.0
-0.144
0.3612
-0.3818
0.1779
0.0
0.0
0.0
0.8442
-0.5173
0.0
0.0
0.0
0.0
-0.34
0.0
0.0
0.4404
0.0
-0.3274
-0.2204
0.0
-0.128
0.0
0.0
0.0
0.0
0.0
0.4215
-0.4019
-0.4019
-0.6597
0.5927
0.0
0.6497
0.0
-0.4019
0.0
0.3182
0.4215
0.8801
0.0
0.4404
0.0
0.5251
0.34
-0.4782
-0.5106
-0.5204
0.0
0.0
0.0
-0.2411
0.0
-0.5423
-0.2411
0.0
0.0
0.0
0.0
0.5423
0.1027
0.0
0.0
0.0
-0.296
0.0
0.0
0.0
-0.4215
0.0
0.0
0.0
0.0
-0.7003
-0.3182
0.0772
0.0
0.0
0.6705
-0.6597
0.0
-0.7776
-0.3089
0.3553
-0.4019
0.0
-0.4019
0.0
0.0
-0.1531
-0.296
0.0
0.5859
0.3818
0.0
0.0258
0.0
0.3818
0.0
0.0
0.0
0.0
-0.4449
0.3802
0.0
0.0
-0.016
0.0
0.3612
-0.0516
0.0
0.0
-0.1027
-0.4043
0.0
0.0
0.516
0.0
0.0
-0.296
0.0
0.1872
-0.2057
0.0
0.3182
-0.296
0.0
0.0
0.0
0.0
0.0
-0.7603
0.0
0.0
0.7506
0.0
0.4019
0.0
0.7334
0.0
-0.3612
0.0
-0.3818
0.5719
-0.5106
0.0
0.3182
0.0
0.765
0.0
0.3591
0.3182
-0.6906
0.3182
-0.6597
-0.4019
-0.5423
0.2732
0.0
-0.2411
0.0
0.0
0.0
0.3612
0.0
-0.296
0.4404
-0.296
0.4404
0.0
0.0
0.0
0.0
-0.4215
0.0
0.0
-0.1027
0.0
0.0
0.5267
0.5565
0.0
0.0
0.5714
0.1779
-0.0596
0.0
0.4019
0.0
0.0
0.4215
0.7717
0.0772
-0.4215
0.0
0.0
-0.7139
0.3889
0.4019
0.0
0.0
0.0869
0.0
0.0
0.1779
-0.4019
0.2924
0.0
-0.1531
0.0516
0.2263
0.0
0.0
0.4215
-0.2263
-0.7269
-0.5023
-0.4576
0.0
0.0
0.0
0.0
0.4367
0.0
-0.7712
-0.3612
-0.7717
-0.4654
-0.2003
-0.6705
0.0
0.0
0.0
0.0
0.0
0.0
0.2584
-0.1027
-0.1505
0.4019
0.0
0.0
-0.5242
0.3182
0.0516
0.0
-0.3164
0.0
-0.2481
-0.6908
-0.1779
0.0
0.3919
0.0
0.0
-0.5423
0.0
0.0
-0.756
-0.4588
0.7425
0.4019
0.4019
0.1513
0.2732
0.0572
0.0
-0.9072
-0.2919
-0.4019
-0.1505
0.0
0.4926
0.4497
0.34
0.7845
0.5003
0.0
0.0
0.3182
0.0
-0.046
0.3142
0.8091
0.4019
0.0
0.0
0.6476
0.0
0.8252
0.4761
0.2732
0.0
0.1027
0.0
0.0
0.0
0.4404
0.0
0.4019
-0.7345
0.0
-0.296
0.0
0.0
0.0
0.4215
-0.2023
0.0
0.0
-0.5577
0.0
-0.2263
-0.4019
-0.296
0.6808
0.0
-0.34
0.0129
0.6369
0.2732
0.0
0.34
0.1406
-0.2778
0.3612
0.2732
0.4497
0.7209
0.0
0.4404
0.1139
0.0
0.0
0.4404
0.4019
0.0
-0.5556
-0.6369
-0.5719
-0.4767
-0.3007
0.0
-0.2144
0.0
0.0
-0.5978
-0.6369
0.1901
0.0
0.0
0.3182
-0.8316
0.0
-0.6597
0.1328
0.0
0.5423
0.0
0.0
-0.4019
0.0
0.4019
0.4019
0.3612
0.0
0.0
0.0
-0.296
-0.4019
0.0
0.2023
0.0
0.0
0.3182
0.3182
-0.1316
-0.4767
0.3612
-0.4767
0.0
-0.6416
0.0
0.5837
-0.4019
-0.7057
-0.1779
0.4648
0.0
0.0
0.4019
0.6437
0.0
0.0
0.0
0.296
0.0
-0.4019
0.0
0.296
0.0
-0.0772
0.296
0.0
0.5106
0.0
0.0
-0.6412
0.3818
-0.4019
0.0
0.5574
0.0
-0.4019
-0.4503
0.0
-0.1027
0.0
0.0
0.0
0.4926
0.2023
0.0
0.4939
-0.4019
0.4932
-0.25
0.223
0.0
0.0
0.7351
-0.7184
0.0
0.4932
0.0
0.4019
-0.3724
0.0
0.0
0.0
0.0
0.0
-0.4019
-0.296
0.0
-0.7906
0.0
0.0
0.0
-0.2732
0.0
0.0
-0.4939
0.0
-0.4019
-0.2023
0.0
0.0
0.0
0.0
0.3919
0.4199
0.0
0.0
0.6369
0.2263
-0.296
0.516
0.0
-0.2411
-0.4019
0.4588
0.0
-0.3818
0.6808
0.0
0.0
0.4404
0.0
0.0
-0.4019
0.1779
-0.3182
-0.2023
0.0
-0.5994
0.4404
-0.4574
0.0
0.0
0.0
-0.4019
-0.2732
0.0
0.6369
0.6486
0.4215
-0.0516
0.6808
-0.4574
0.3182
0.2732
0.0
0.4576
0.0
0.0
0.3182
0.1027
0.0
0.0
-0.4019
0.0
0.0
-0.0772
-0.1779
0.0
0.0
0.0
0.4019
0.0
-0.0258
0.0
0.4404
0.0
-0.0772
0.2498
-0.5423
-0.2263
0.0
0.3182
0.6486
0.0
0.0
0.0
-0.3071
-0.3447
0.705
0.34
0.0
-0.2023
0.0
-0.2023
0.6249
0.0
-0.7096
-0.1655
-0.3447
0.705
0.0
0.0516
0.6597
0.6369
0.3182
0.4588
0.0
0.2263
0.0
-0.4404
-0.4541
0.3995
0.0
0.0
0.0
-0.43
0.0258
0.0
0.296
0.1263
0.3612
0.0
0.8573
0.2263
0.0
0.0
0.296
0.0
0.0
-0.4019
0.0
-0.5423
-0.4389
-0.4588
0.0
-0.4019
0.0
0.0
-0.5719
-0.5256
0.0
0.0
0.8481
0.0
0.0
0.7003
0.6124
-0.2023
0.0
0.0
0.34
-0.1027
0.0
0.0
0.0
0.0
0.0
0.4939
-0.4019
0.0
-0.5106
0.296
-0.3182
0.1027
0.5023
0.2023
0.0
0.0
-0.4019
0.5423
0.1067
0.1847
0.34
0.0
-0.3182
-0.6705
0.4019
-0.7184
0.0
0.5719
-0.1779
0.0
0.0
-0.8911
-0.5729
0.0
0.0
-0.3595
0.0
0.0
0.0
0.0
0.6988
0.6486
0.0
0.0
0.0
0.0
0.0
-0.7184
0.5859
0.0
0.34
0.5411
0.0
0.0
0.0
0.0
0.0
0.2062
0.6369
0.7579
0.2732
0.5719
0.3818
0.296
-0.7096
0.0
0.6249
0.7845
0.802
0.0
0.0
0.0
-0.1695
0.0
0.4019
0.1779
-0.4019
0.0
0.25
0.7096
0.2732
-0.4404
0.0
0.3182
0.0
0.0
-0.0387
0.4926
0.0
0.0
0.3818
0.0
0.0
0.0
-0.4019
-0.7906
0.5647
0.296
0.6486
-0.2584
0.0
0.7425
-0.7469
0.5598
-0.0258
0.4215
0.0
0.5106
0.5859
-0.4973
-0.4973
-0.4019
0.3182
0.7783
0.0
0.0
0.0
0.0
0.0
0.2732
0.0
0.0
0.0
0.7096
0.0
0.0
0.4019
0.6486
0.0
0.0
0.0
0.0
0.4588
-0.296
0.899
0.0
0.0
0.0
-0.4019
0.0
0.5859
0.0
0.0
0.0
0.0
0.0
0.0
-0.1779
0.0
-0.4767
0.0
0.0
0.0
0.0
0.4019
0.0
0.0
0.1124
-0.0772
0.0
0.0
-0.1548
0.0
0.9438
-0.5719
-0.1779
0.0
0.7315
0.4215
-0.4588
0.7506
-0.3612
0.1531
-0.296
0.0
0.0
-0.188
0.0516
0.0
0.0
0.6369
0.6369
-0.264
0.0
0.0
0.6369
-0.4019
0.4939
-0.7964
0.296
0.3612
0.0
0.0
0.3089
0.0
0.0
0.0
-0.1779
-0.1779
0.0
0.1406
-0.3412
0.6249
-0.4767
0.0
0.2323
-0.7783
0.6908
-0.7089
0.5719
0.0
0.5994
-0.2263
0.0736
-0.2235
0.0
-0.4767
-0.5423
0.2263
0.296
-0.1232
0.8689
0.4404
-0.34
0.0
-0.0772
-0.0276
0.5321
0.5574
0.2023
0.1154
0.2023
0.3612
-0.2263
0.0
0.0
0.0
0.0
0.0
0.0
-0.2411
0.0
0.0
0.0
0.0
0.0
-0.3612
0.0
0.34
0.0
-0.296
-0.4559
0.5423
0.5574
0.8689
0.0
0.0
0.0
0.2755
0.0
-0.2023
0.0
0.0
0.1154
0.2263
-0.5423
0.34
-0.2584
0.7184
0.4019
0.0258
0.4215
0.0
0.0
0.0
0.0
0.0
0.6597
0.2732
-0.4019
0.0
0.0
0.0
0.0
0.0
0.9388
-0.3612
0.3182
0.3182
0.0
-0.4019
-0.2023
0.0
0.4133
-0.3597
-0.4019
0.3182
-0.4215
0.0
-0.4199
0.0
0.0
0.0
0.0
0.0
0.0
0.4572
0.0
0.0
-0.2732
0.3182
0.0
0.0
0.4939
0.2144
0.7506
0.0
0.6588
0.6486
0.0
0.0
0.0
-0.9294
0.128
-0.2584
-0.4019
0.0
-0.34
0.2023
0.2263
-0.3923
0.0
-0.296
0.7845
0.4588
0.7003
0.0
-0.7184
0.1655
0.0
0.2732
0.0
0.0
0.0
0.0
-0.1027
0.5859
-0.743
-0.6652
0.0
-0.3612
0.0
-0.4576
-0.3919
0.0
0.0
-0.1531
0.6474
0.0
0.0
0.0
0.0
0.0
0.0
0.9517
0.7506
0.0
0.4215
-0.1685
-0.128
0.0
0.0
0.0
0.0
0.0
0.0
0.0
0.0
0.0
0.0
0.0
0.0
0.0
0.0
0.3612
0.5267
0.0
-0.2411
0.5719
0.1301
0.34
0.8151
0.3412
0.0
0.0846
0.4588
0.0
0.0772
0.4728
0.2896
0.4767
0.0
0.4753
-0.0397
0.0
0.3818
0.0
0.0
0.6124
0.3818
0.5371
0.3182
0.0
0.1027
0.0
0.0
0.0
0.0
0.0
0.7717
0.3182
0.0
0.0
0.0
0.4404
0.128
0.34
-0.3291
0.0
0.4404
0.0
0.9161
0.6249
-0.0191
0.0516
-0.6832
0.0
0.6369
0.0
0.0516
0.0
0.3818
0.0
0.3197
0.0
-0.296
0.0
0.4588
0.2023
0.6597
0.0
-0.4019
0.0
0.0
0.1531
0.6908
0.0
0.0
0.0
0.0
-0.3412
0.3182
0.0
0.5399
0.4215
0.0
0.0
0.0
-0.6243
-0.743
-0.5423
0.0
-0.3071
-0.296
-0.4215
0.0
-0.4767
-0.2023
0.128
-0.0772
0.4215
0.4215
-0.2411
-0.5927
-0.1531
-0.431
-0.9532
-0.4877
0.3182
-0.7522
0.0
0.5106
0.0
0.2263
0.5859
0.0
-0.1017
0.3595
-0.8049
-0.6486
0.3818
-0.0762
0.0
-0.5659
0.0
0.0
0.0
0.2732
-0.4215
-0.4215
-0.7003
0.0
0.6808
0.6124
0.0
0.0
0.0366
0.5719
0.8615
0.7346
-0.1429
0.0
0.0
-0.886
-0.296
0.0
-0.6523
-0.296
-0.2263
0.0
0.0
0.4404
0.0
-0.4215
0.0
-0.4767
0.7964
0.0
0.4215
0.3182
-0.878
0.0
0.6983
0.4404
-0.3818
0.2732
0.8513
0.0
0.0
0.4767
0.0516
0.0
0.8481
-0.4019
0.0
0.2732
-0.296
-0.6515
-0.296
-0.296
-0.2646
-0.2057
0.0
0.5413
0.3291
-0.3182
-0.4019
0.1027
0.0
-0.4019
0.0
0.0
-0.4939
-0.4019
0.0
0.0
0.7579
0.5574
0.7096
0.0
0.5346
-0.34
-0.4445
0.0
-0.296
0.0
0.3612
-0.4019
0.0
0.0
0.0
0.2023
0.0
0.0
0.0
0.6003
0.0
-0.4019
0.0
-0.2617
-0.5106
0.0
0.0
0.0
-0.4019
0.4404
0.0
-0.4215
-0.5719
-0.5106
-0.3182
0.0
0.0
0.0
0.0
0.0
0.5801
0.0
0.0
0.2023
0.0
0.0
0.0
0.5423
0.0
-0.296
0.0
-0.4019
-0.4404
-0.2263
0.0
-0.6355
0.0
-0.6705
-0.4019
0.3182
0.0
0.0
0.0
-0.5267
0.0
-0.4019
0.7579
0.0
0.7269
0.0
-0.2023
-0.4019
-0.4019
-0.6341
0.0
0.0
-0.4019
0.0258
0.0
0.0846
-0.6597
0.34
0.0
-0.3182
0.0
-0.8689
0.0
0.0
0.0
-0.5994
0.0
0.2732
0.0
0.0
0.0772
0.1154
0.34
-0.7351
0.0
0.0
0.0
0.0
-0.1134
-0.4019
-0.4215
-0.34
0.4019
0.0
0.0
0.6486
0.0
-0.4088
0.4391
0.0
0.6249
0.0
0.0
0.0
-0.5255
0.0
0.0
0.2382
0.4019
0.0
0.0
0.0
0.0516
0.0
0.2491
0.607
0.6044
0.0
0.0
0.0
0.0
0.0
-0.2732
0.0
0.4199
0.2263
0.0
0.0
0.0
-0.25
0.2023
-0.4184
0.4019
0.3612
0.0
-0.4019
0.4767
0.0
0.6742
0.0
0.0
0.2023
0.0
0.0
0.0
0.6597
0.4019
0.0
-0.5106
0.6757
0.25
-0.1531
0.8225
-0.0772
0.0772
-0.7003
0.0
0.5106
0.5106
-0.0258
-0.8381
-0.5267
0.0
0.0
0.4939
0.0
0.8593
0.0
0.2263
0.0
0.0
-0.5719
0.8625
0.0
0.0
0.0
0.0
0.0
0.0
0.0
-0.7003
0.296
0.0
0.296
0.0
0.0
0.0
0.6597
-0.4019
-0.6597
0.743
0.69
0.0
0.0
0.1154
0.0
-0.2732
0.3818
0.0
0.0
0.0
-0.6249
0.1134
0.4336
0.4019
0.0
0.0
0.0
-0.7003
0.0
0.765
0.128
0.5267
0.0772
0.128
0.5574
0.4767
-0.4019
0.0
0.3612
0.0
0.7783
-0.4019
0.0
0.0
0.2023
0.2878
-0.4404
0.0
0.5994
0.0
0.6588
0.0
0.0
-0.1759
0.0
0.0
0.0772
0.0
0.0
0.0
0.0
0.2732
0.0
0.2325
-0.296
0.0
0.0
-0.128
0.2732
0.5106
0.4019
0.0
0.0
0.0
-0.2023
0.978
0.0
0.0992
0.0
0.0
0.4497
0.0
0.0
0.5423
-0.5423
0.0
0.0
0.5859
0.0
-0.2023
0.0
0.0
-0.4019
-0.25
0.3802
-0.296
-0.3182
-0.4019
0.0
0.0
0.0
-0.34
0.0
-0.6908
-0.5927
0.296
-0.6369
-0.6534
0.0
0.0
-0.8283
0.0
-0.6705
-0.6597
0.0
0.0
0.0
0.0
0.0772
0.0
0.0
-0.4215
0.4574
0.4019
0.0
-0.1779
0.0
-0.296
0.0
-0.3658
0.0
0.0
-0.2411
0.0
-0.34
0.8862
0.0
0.4522
0.9134
0.6369
0.0
0.3999
-0.5423
0.0
0.0
-0.6705
0.0
0.2263
0.0
0.1655
-0.7003
0.4019
0.0
-0.3612
0.5423
0.34
0.0
-0.6652
0.296
0.0
-0.8074
-0.8074
-0.4019
0.3818
-0.4019
-0.2023
0.0
-0.3612
0.0
0.2732
-0.7906
-0.802
-0.4019
-0.7003
0.6249
0.5267
0.296
-0.6249
0.0
-0.4019
0.0
-0.6833
-0.3412
0.0
-0.7351
0.0
-0.4588
-0.4019
-0.2755
-0.1531
-0.5358
0.0
0.0
-0.6597
0.0
-0.0772
0.0
0.0
0.2023
0.0
0.34
0.4118
0.0
-0.4019
0.785
0.3361
0.0
-0.296
0.128
0.3089
0.0
0.0
0.0
0.1531
0.0
0.25
-0.5267
-0.296
0.0
-0.7783
-0.0516
0.4767
0.0
-0.5106
-0.8658
-0.6249
-0.7506
0.0
0.0
-0.296
0.0
0.3182
0.7906
-0.5994
0.296
0.0
-0.7003
0.0
0.0516
-0.6705
-0.4019
0.0
-0.4767
0.0
0.3818
0.0
0.0258
-0.4019
0.0
-0.4614
0.0
0.0
0.5423
-0.7351
0.0
-0.3612
0.0
0.0
0.5983
-0.296
-0.5267
-0.3257
0.0
0.2732
-0.1027
-0.3612
0.0
0.0
-0.4019
-0.296
0.0644
0.6403
0.0
0.0
-0.4019
-0.4019
0.0
-0.8658
-0.4019
0.4019
-0.296
0.0
0.1406
0.0
0.1406
-0.4019
0.0
0.2023
0.4019
0.0516
-0.2924
-0.1027
-0.7003
0.0
0.2732
0.6486
0.3182
0.3182
0.0
0.0
0.6976
0.0
0.0
0.34
0.0
-0.4767
0.0
0.0
0.0
-0.7003
0.0
0.0
-0.5142
0.4404
0.0
0.0
0.4404
-0.6369
-0.743
-0.7588
0.0
-0.0258
0.5423
0.4404
0.0
0.0
0.0
-0.4019
0.7063
0.0
0.0
-0.0191
0.4019
0.4019
0.1511
0.7351
0.0
0.0
-0.7717
0.0
0.0258
0.0
-0.0772
0.6577
-0.5994
0.0
0.0
0.0
0.0
0.0
0.0
-0.4019
-0.0772
0.6597
0.0
0.0
0.2808
0.0
0.0
-0.0516
0.0
0.0
0.3612
0.0
0.0
0.5994
0.0
0.4678
-0.6705
0.0
0.0
-0.6369
0.2732
0.0
0.0
0.4019
0.0
0.4215
0.4019
0.0
0.34
0.4019
0.0
0.6597
0.0
0.0
-0.6597
0.1027
0.0
0.3182
0.6249
0.058
0.3818
0.0
0.0
0.0
0.9578
0.0
-0.3089
0.0
0.0
0.0
0.0
0.3818
0.0
0.0
-0.353
0.0
0.2732
-0.4019
-0.3013
-0.6931
0.168
-0.7964
-0.8885
0.25
0.0
-0.4874
0.0
-0.5574
0.0
0.0
0.0
0.4404
0.0
0.0
-0.5775
0.0
0.0
0.0
0.5994
0.5994
-0.4549
0.0
0.0
0.0
0.0
0.0
0.0
0.0
0.0
0.0
0.0
0.0
0.0
0.0
0.296
0.5994
0.5994
-0.0258
0.2023
0.0
0.0
-0.296
0.0
0.296
0.0
0.1779
0.7351
0.6369
0.3612
0.0
0.0
0.4019
0.4019
0.0
0.0
0.0
-0.4019
-0.4019
0.0
0.0
-0.296
0.0
0.0
0.3182
0.0
-0.5267
0.0
0.0
0.0772
0.0
-0.296
0.0
0.7717
0.0
0.0
0.0
0.5859
0.0
-0.7003
0.3612
0.2732
0.4019
-0.7003
0.0
0.0
0.0
0.1531
0.0
-0.448
-0.8558
-0.694
0.0
-0.4019
-0.0516
0.0
-0.5574
0.0
-0.7269
0.0
0.4019
0.0
0.1779
0.0
-0.4854
-0.8126
-0.4104
-0.8225
0.0
0.34
0.0
0.0757
0.0
0.5023
0.7783
0.34
0.9136
0.0
0.4019
-0.4019
0.0
0.6124
0.0
0.4215
0.0
0.4215
-0.481
0.1027
0.0
0.9596
0.0
-0.4019
0.0
0.0
0.4497
0.0
0.0
-0.296
0.0
0.6945
-0.4019
-0.1027
0.1578
0.0
0.9451
-0.4215
0.0
-0.1238
-0.7506
-0.5719
-0.5591
-0.4019
-0.4019
0.0
0.0
0.0
0.3612
0.507
0.8503
-0.296
-0.7096
0.2263
0.0
0.0
0.0
0.0
0.0
-0.4019
0.0
0.3612
-0.3089
0.0
0.0
0.0
0.0
-0.464
-0.2057
0.4497
-0.4019
0.296
0.0
0.4019
0.0
0.0
0.0
-0.4019
0.0
0.0
0.0
0.0
0.0
0.7184
0.7279
0.0
0.3182
0.0
0.1901
-0.2924
0.2263
0.0
-0.7964
-0.4019
0.0
0.0
0.0
0.0
0.0
0.0
0.0
0.0
0.0
0.0
0.0
0.0
-0.128
0.0
-0.4019
0.0
-0.3818
0.0
0.0
-0.5423
0.0
0.0
0.0
0.0
0.0
0.4939
0.0
0.4019
0.0
0.9246
0.7351
0.593
-0.228
0.0
0.0
0.0
0.0
-0.2263
0.0
0.0
0.0
0.4019
0.7269
0.296
0.0
0.1531
0.0
-0.4019
-0.2023
-0.4019
-0.6597
-0.1027
0.0
0.4404
0.0
0.3182
0.0
0.34
0.0
-0.4019
0.0
-0.4019
0.0
0.0
0.4019
-0.4019
0.4404
0.0
-0.7506
0.6194
0.0
-0.4019
0.3182
0.0
0.0
-0.4215
0.3939
0.0
-0.34
0.0
0.3612
0.6808
0.128
-0.4256
0.0
-0.4215
0.25
0.5002
-0.4404
-0.4767
0.6597
0.6597
0.0
-0.128
0.3818
0.3182
-0.296
0.0
0.6808
-0.0516
-0.2023
-0.34
-0.34
-0.34
0.4939
-0.5994
0.0
0.0
0.0
0.6597
0.0
0.0
0.0
0.0
0.0
-0.4588
0.3612
-0.614
0.0186
0.0
-0.3612
0.0
0.0
0.0
0.0
0.0
0.0
0.0
-0.362
-0.4019
-0.4479
-0.895
0.2382
-0.4019
0.0
0.296
0.504
-0.4404
0.0
-0.4522
0.0516
0.1615
-0.2732
-0.4019
-0.0516
0.0534
-0.687
0.0
0.4466
0.2732
0.3182
0.4019
-0.1531
-0.1531
0.0
-0.3182
-0.6369
0.8207
0.0
0.0
0.3313
0.0
-0.34
0.0
0.3818
0.0
0.0
0.0
0.0
0.7227
0.5574
0.3612
-0.296
0.0
0.0
0.0
-0.4019
0.0
-0.2411
0.296
0.5499
0.0
0.0
0.8246
0.5574
0.2263
0.0936
-0.4019
-0.0129
-0.4019
-0.6597
0.0
0.0
0.1027
0.0
0.4019
0.0
-0.6705
0.0134
-0.7351
-0.7783
0.0
0.0
-0.5574
0.0
-0.5994
0.0
-0.3597
-0.34
0.4767
0.7717
0.0772
-0.3412
0.0
-0.1027
0.0
0.0
-0.1921
-0.0266
0.3818
-0.296
-0.6597
0.296
0.5859
0.0
0.0
0.0
0.0
0.0
0.0
0.6597
0.34
0.0
-0.6523
0.0
0.0
0.0
0.0
0.0
0.0
0.0
0.7096
0.0
0.4404
0.0
0.0
-0.4019
-0.4588
0.0
0.0
0.0
0.0
-0.228
0.0
0.6808
0.0
-0.4019
-0.34
0.0
0.0
0.0772
0.0
0.0
0.5859
0.4019
0.85
-0.4215
0.0772
0.4199
-0.2057
0.0
0.0
0.0
0.0
0.34
-0.3535
0.7964
0.0
-0.296
0.0
0.0
-0.2987
-0.7351
0.4493
0.6705
0.9256
0.2023
0.4019
0.4939
0.0
0.128
0.0772
0.2732
0.0
-0.4215
0.0
-0.4767
-0.0191
0.1531
0.0
0.4215
0.0
0.0
-0.7269
0.0516
-0.34
0.0
0.2263
0.0
0.0
-0.1531
0.0
0.0
0.0
0.0
0.0
0.0
-0.34
0.2732
0.0
0.0
0.0
-0.6597
0.0
-0.5994
-0.7783
0.3612
0.0
-0.296
-0.5994
0.0
0.0
0.4215
-0.296
0.128
0.8402
0.0
-0.4404
0.0
0.296
0.0
0.0
0.8145
0.296
0.0
-0.34
-0.2846
0.0
0.0
0.0
-0.5719
-0.3435
0.0
-0.4404
0.0
0.0
0.1027
0.0
-0.2076
0.6808
0.0
0.0
0.0
0.0
0.1027
0.0
0.0
0.128
0.0
0.0
0.0258
0.0258
-0.7003
-0.7003
-0.1606
0.296
0.0
0.807
0.2869
0.0
0.0
-0.5994
0.0
-0.4019
-0.2584
0.0
-0.34
-0.6249
0.0
0.1027
0.0
0.0
0.128
0.0
-0.296
0.0
0.0
0.0
0.6059
0.4019
0.0772
0.34
-0.6428
0.0
-0.3182
-0.4019
-0.17
0.0
0.0
0.0
0.6249
0.4767
0.0
-0.4019
0.0
-0.296
0.0
0.4404
0.0
0.0
0.0
0.0258
0.6234
0.3182
0.2878
0.0
0.3182
0.34
0.0
0.0
0.2449
0.1007
-0.7964
-0.8885
0.0
0.0772
-0.4626
0.1278
0.0
-0.2411
0.0
0.5574
0.0
-0.3089
-0.7059
-0.6124
0.2263
0.3565
0.0772
0.4404
0.802
0.0772
0.0
-0.4215
0.0
0.4404
0.2732
-0.1027
0.4617
0.7096
0.4215
0.4588
-0.3089
0.7089
-0.0475
-0.0516
0.4215
0.0
0.4019
-0.8252
0.0
0.0
-0.8726
0.34
0.0
0.0026
0.0
-0.1531
0.185
0.0
0.34
0.4939
0.0
0.0
0.0
0.255
0.0
0.0
-0.4019
0.296
0.0
0.0
-0.34
0.34
0.34
0.3818
0.34
0.0
0.0
-0.1461
0.5023
0.0772
0.0
-0.7003
0.0
0.0
0.7096
0.3182
0.0
0.296
0.296
0.0772
0.0
0.0
-0.7964
-0.8885
-0.7003
0.0
0.0
0.0
0.0
0.0
0.0
0.25
-0.3903
0.6124
0.0
-0.4019
0.0
0.0
0.0
-0.4215
0.6597
0.0
0.0
-0.4585
0.0
0.0
0.5106
0.0
0.0
0.0
0.0
-0.3182
-0.3261
0.4019
0.0
0.0
0.0
0.0
0.3818
0.7906
0.0
0.0
0.0
0.0
-0.5873
0.0
0.0
0.504
0.4019
0.0
0.3612
-0.4019
0.2144
0.0
-0.4019
0.4404
0.0
0.0
0.34
0.4019
0.0
0.4019
0.0
0.0
0.0
-0.8237
-0.3612
0.5423
0.0
0.0
-0.4767
0.0
0.0
0.0
-0.3412
0.4404
-0.4874
0.3182
-0.6369
0.0
0.4939
0.7269
0.0
0.0
0.4019
0.3612
0.0
0.2023
0.4019
0.0772
0.0
0.4939
0.0772
0.0
0.0
0.3612
0.5859
0.7717
0.0
0.0
0.0
0.0
0.0
0.5647
0.0
0.0
0.0
0.2249
0.0
0.6124
0.7184
-0.296
-0.5659
-0.4215
-0.5574
-0.3676
0.296
-0.4767
-0.2617
0.4404
0.4724
-0.8176
0.0
0.0
0.0772
0.296
0.0
0.0
-0.296
0.0
-0.4019
0.0
0.3089
0.0
-0.6908
-0.296
0.296
0.0
0.0
0.0
0.4019
0.4215
0.4019
0.34
0.0
0.0
0.0
0.0
0.4019
-0.1593
-0.4019
-0.4468
0.4019
0.504
0.0
-0.2579
0.2732
0.0
0.4019
-0.7783
-0.4019
-0.4019
0.1779
-0.6136
0.5473
-0.3612
0.0516
-0.2732
0.9167
0.0
-0.0922
0.0
0.0
0.0
0.4753
0.8176
0.128
-0.6597
-0.4939
-0.25
-0.4003
0.1007
-0.7964
-0.8885
0.4019
0.0
0.0
-0.25
-0.636
-0.7351
0.0
-0.7959
-0.5191
0.1027
-0.0153
-0.4404
0.4019
-0.4019
-0.126
-0.4215
-0.7678
0.6271
0.2263
0.2263
-0.5499
-0.1154
0.7165
0.0
-0.1027
0.128
0.0
0.3736
0.4019
-0.3985
-0.5267
0.0
0.0
0.168
-0.5562
0.4199
0.0
0.0
0.2406
0.0
0.296
-0.4019
-0.4574
-0.3767
0.3612
0.1007
-0.4019
0.5484
0.6249
0.0
-0.34
0.2225
0.0
0.6124
0.0
-0.25
-0.3472
-0.4019
0.4404
0.0
0.0
0.4559
0.34
0.1027
-0.4019
-0.3089
0.6369
-0.6249
-0.0258
0.296
0.0
0.0
0.0
0.0
0.0516
0.0
0.0
0.3818
0.5106
0.6369
0.3612
0.0
0.0
0.2023
0.0
-0.5106
-0.7184
-0.5106
0.3595
0.0
0.0
0.0
0.743
-0.4019
-0.296
0.2732
0.0
-0.4019
-0.1032
0.0
0.5563
-0.4019
-0.2263
-0.6486
-0.5859
0.0
-0.1406
0.1779
0.0
-0.296
0.4767
0.0
0.0
0.0
-0.4767
-0.5499
0.0
-0.3612
-0.5994
-0.6705
0.0
0.0
0.0
0.0
-0.4019
0.4019
0.0
0.0
-0.4019
-0.1027
-0.2714
-0.2023
-0.5848
0.3164
-0.7964
-0.8885
-0.4019
-0.1621
-0.3322
0.0
0.5106
0.7906
-0.2057
0.4404
0.5106
0.1283
0.6299
0.0
-0.3182
0.1779
-0.4574
-0.34
0.0
0.0772
0.2023
-0.5423
0.0
0.6597
0.0
0.0
0.0
0.0
0.0
0.2584
0.0
-0.3182
0.3802
0.4019
-0.3818
0.0
-0.6652
0.0
-0.7003
0.296
0.0
0.0
0.0
0.1027
-0.4019
0.0
0.5267
0.5773
0.0
-0.4019
0.2023
0.8544
0.6486
0.0
0.0
0.6249
0.0
-0.4019
0.4019
0.4019
0.4019
0.0
0.0
-0.4019
0.0
0.3182
0.0
0.3182
0.0
0.0
-0.296
0.0
-0.34
0.0
-0.5106
0.3818
0.0
0.2023
-0.2263
0.6599
0.0
0.4404
0.2942
0.4215
0.0
0.4995
0.0
0.0
0.0
0.2144
0.0
-0.5859
-0.34
-0.34
0.0
0.0
0.0
0.0
0.0
0.4939
-0.5423
0.0
0.0
0.3818
-0.4019
0.0
0.0
0.0
0.0
0.4939
0.4215
0.0
0.0
0.4215
0.0258
0.0
-0.25
0.4767
0.0
0.4749
-0.4767
-0.1531
0.4939
-0.2598
0.25
0.0516
0.0
-0.4019
-0.128
-0.7241
0.0
-0.5994
0.5983
-0.5499
-0.4404
0.0
-0.4019
0.0
-0.7038
0.0772
-0.4019
0.0
0.0
-0.4767
-0.4767
0.0
0.0
0.0
0.0
0.0
0.0
0.3802
-0.7707
-0.4019
0.0
-0.1531
0.0
0.4404
-0.4767
0.2023
0.0
0.5023
0.0
0.0
-0.4767
0.0
-0.0258
0.4767
0.1571
-0.5634
-0.4019
0.0
-0.0516
-0.3818
-0.4019
-0.7003
0.0
0.6369
0.7351
-0.3875
0.0772
-0.0516
-0.5994
0.0
0.9217
0.0
0.0
0.9453
0.34
-0.34
0.8275
0.4588
-0.25
0.4767
-0.3612
0.0
-0.296
0.8248
0.0
0.0
0.0
-0.5267
-0.4588
0.5106
0.5267
0.0
0.0
-0.4019
0.0
-0.6486
0.3818
0.4215
0.0
0.2263
-0.4019
-0.296
0.765
-0.4019
-0.8286
-0.3612
0.5824
0.128
-0.2411
0.5859
-0.2263
0.0
0.0
0.0
0.0
0.0
0.0
0.0
0.0
-0.4019
0.0
-0.5106
-0.0772
0.0
-0.296
-0.8745
0.4995
-0.4588
-0.2263
-0.4019
0.4404
-0.4019
0.0
-0.7003
-0.3612
0.9153
-0.0
0.2732
0.0
0.1921
0.0
-0.5106
-0.5423
-0.5106
-0.6588
-0.5122
-0.8689
0.0
0.6698
0.5095
0.0
0.0
0.2023
-0.7324
0.4404
0.4019
0.34
-0.6124
0.0
0.0
-0.6597
-0.3404
0.0
-0.4019
0.0
0.7845
0.5023
0.0
0.7927
0.296
0.6841
0.296
-0.4019
-0.9062
-0.34
-0.7266
-0.4019
0.0
0.34
-0.7351
0.2023
0.2023
0.0
0.2846
-0.3612
0.0
-0.7003
0.0
-0.5994
0.0
0.836
-0.7003
0.0
-0.3612
0.0
0.1027
0.6486
0.4019
0.0
0.0
0.0
0.0
0.4019
-0.4019
-0.836
0.0
0.34
0.0
-0.5719
0.0
-0.3089
-0.3818
0.0
-0.7755
0.0
0.25
-0.3612
-0.4767
0.0
-0.6808
0.0
0.4019
0.5574
-0.4019
0.8934
0.0
-0.6597
0.0
0.0
0.0
-0.296
-0.2023
-0.34
-0.296
-0.2023
-0.2023
-0.4574
-0.5574
-0.0762
0.0
-0.6908
0.1531
0.0
-0.34
0.242
0.3818
-0.5574
0.0
-0.2263
0.0
-0.4019
0.0
0.0
0.7876
0.4019
0.0
0.0
0.0
-0.6003
-0.4118
-0.4019
0.0
0.2023
-0.3818
0.0
0.8442
-0.296
0.1531
-0.4019
-0.4019
0.657
-0.128
-0.4404
0.2598
0.4939
0.0
0.0
-0.1154
-0.6486
0.0
-0.1027
0.0
0.0
-0.7325
-0.7414
0.0
0.4019
0.34
0.0
0.0
-0.6003
0.0
-0.4019
0.0
0.0
0.0
-0.128
0.0
-0.6369
0.0
0.4019
0.0
-0.6433
0.0
-0.178
0.0
0.9052
0.0
0.6597
0.0
0.6486
0.0
0.3182
0.5719
-0.6027
0.5423
0.0
0.3545
-0.4019
0.4215
0.0
0.1027
0.128
0.0
0.4329
0.0
0.0
0.0
-0.6597
-0.4019
0.0
0.5574
0.1531
0.891
-0.4215
-0.5423
0.1366
-0.4019
-0.4019
-0.6486
-0.128
-0.296
-0.6059
0.0
-0.6597
0.68
-0.296
0.4482
0.0
-0.7717
-0.4019
-0.4019
0.4019
0.0
0.8126
0.0258
0.4939
-0.4019
-0.4019
-0.4019
-0.4019
-0.4019
-0.4019
-0.4019
-0.4019
-0.4019
0.0
-0.4019
-0.4019
-0.4019
-0.4019
-0.4019
-0.4019
-0.4019
0.0
-0.4019
-0.0516
0.6124
-0.296
-0.296
0.0
0.0
-0.4019
0.0
-0.4019
0.505
0.0
-0.4019
0.0
0.0
-0.7293
0.0
-0.3089
0.296
0.0
-0.3818
0.2023
-0.443
-0.4019
0.0
0.0
0.4767
-0.0258
0.0
-0.4404
0.0
-0.4019
-0.4019
-0.575
0.0
-0.4019
0.296
0.0772
0.6705
-0.128
0.296
0.0
-0.0772
0.3818
0.1655
0.0
-0.0258
-0.1779
0.0
0.507
0.0
0.6808
-0.4019
-0.4019
0.0
-0.4019
-0.1697
-0.4019
-0.4019
-0.4019
-0.4019
-0.4019
-0.6597
-0.4019
-0.1779
0.4019
0.0
-0.4019
0.3058
-0.4019
0.0516
0.0
-0.2755
0.0
-0.5719
-0.4019
0.0772
0.0
-0.2411
0.0258
-0.743
-0.4019
0.2263
0.6486
0.0
-0.4019
0.0
0.4019
0.0
0.0
0.25
-0.296
0.4019
0.0
0.0
-0.4019
0.0
0.0
0.0
-0.6256
-0.0772
-0.4019
0.0
-0.4019
-0.4019
-0.4019
-0.4019
-0.4019
-0.4019
-0.4019
-0.4019
-0.4019
-0.4019
-0.4019
-0.4019
-0.4019
-0.2411
0.0
-0.8535
-0.296
0.2263
-0.4019
0.0
0.0
0.0772
0.4664
-0.3832
-0.2411
-0.7351
-0.4019
0.0
-0.296
0.0258
0.0
0.4019
-0.6486
0.25
0.0258
0.0
0.0
0.0
0.0
0.0
0.0
0.0
0.4215
0.0
0.4215
0.0
0.0
0.0
0.0
0.2617
-0.7003
-0.4019
0.4215
0.0
0.0
-0.3612
-0.7003
0.0
0.0
-0.7906
-0.505
-0.2263
0.2732
0.0
0.0
0.0
0.34
0.3182
0.765
0.0
0.1471
0.6369
-0.1725
0.3612
0.0
-0.481
-0.7672
-0.5574
0.0
